-113.349999999999,139.75,243.2
-183.75,66.8500000000004,144.7
-195.449999999997,26.4500000000007,47.1
20.4500000000007,-96.75,181.7
33.5500000000029,-20.75,189.2
183.950000000001,-266.450000000001,121.7
19.75,-324.15,181.6
30.1500000000015,-333.450000000001,133.9
198.75,-253.25,94.7
220.150000000001,-250.75,133.1
-221.849999999999,110.950000000001,24.2
-217.349999999999,79.1499999999996,59.2
-205.75,66.75,81.6
-34.9499999999971,125.25,103.3
91.6500000000015,30.9500000000007,111.7
98.5500000000029,20.3500000000004,111.3
-171.549999999999,203.25,48.1
-130.349999999999,190.049999999999,90.4
-143.75,232.349999999999,77.8
196.650000000001,5.25,78.5
-282.349999999999,3.54999999999927,224.3
218.850000000002,-65.6499999999996,127.8
-327.649999999998,-238.15,155.1
220.75,-30.75,91.6
183.850000000002,-95.25,121.7
-189.949999999997,-394.75,282.2
-136.149999999998,106.35,109.9
-126.449999999997,74.25,164.9
-138.849999999999,65.0499999999993,123.1
-322.75,82.25,60.1
-276.549999999999,242.150000000001,44.2
-30.6499999999978,318.450000000001,61.4
373.950000000001,74.25,85.1
306.850000000002,48.75,162.4
-128.449999999997,-177.35,122.2
-134.949999999997,-191.75,91.5
-131.049999999999,-182.15,130
370.350000000002,96.9500000000007,108.7
-204.75,-262.450000000001,109.8
-212.349999999999,-272.549999999999,90.2
-185.649999999998,-275.65,120.4
3.75,-25.8500000000004,309.6
0.0500000000029104,-100.049999999999,263.7
-6.84999999999854,-37.9500000000007,238.7
290.650000000001,88.75,88.1
268.650000000001,76.4500000000007,47.1
54.0500000000029,-4.85000000000036,192.7
82.8500000000022,-6.75,239.3
-110.349999999999,-184.75,99.9
-111.25,16.5499999999993,28.4
497.25,72.1499999999996,42.5
468.150000000001,76.1499999999996,66.4
46.25,-40.0499999999993,85.4
37.3500000000022,53.5499999999993,83.4
44.1500000000015,214.75,68
57.4500000000007,243.650000000001,79.6
21.6500000000015,273.75,48.7
240.550000000003,283.650000000001,56.9
93.25,264.450000000001,84.2
-43.25,164.15,213.9
-48.5499999999993,183.35,189.5
51.25,-15.1499999999996,43.6
45.8500000000022,-42.25,69.5
-423.649999999998,-191.450000000001,111.9
-168.449999999997,289.349999999999,50.4
-151.349999999999,399.75,67.1
-177.549999999999,392.950000000001,77.3
-365.75,138.65,92.3
-6.75,-208.950000000001,53.3
-242.049999999999,81.3500000000004,118.1
-32.4499999999971,78.9500000000007,232.6
-31.25,88.4500000000007,231.5
390.050000000003,-197.85,6.4
93.0500000000029,208.349999999999,89.8
48.5500000000029,164.35,92.7
93.5500000000029,185.85,95.9
140.550000000003,130.85,66.9
78.6500000000015,44.0499999999993,104.5
81.1500000000015,-49.0499999999993,93.5
48.0500000000029,-165.549999999999,53.2
66.8500000000022,-202.049999999999,56.2
81.25,-183.85,39.8
39.25,-241.35,21.9
76.75,-227.25,32.8
47.25,-151.450000000001,83.7
43.3500000000022,-160.25,69.2
286.350000000002,200.450000000001,100.1
41.9500000000007,-50.4500000000007,317.7
-29.5499999999993,-46.4500000000007,263.4
9.85000000000218,-19.6499999999996,231.9
78.5500000000029,-245.950000000001,104.8
84.0500000000029,-120.950000000001,223.4
115.850000000002,-69.25,207.2
132.75,-138.85,154.5
142.75,-170.25,140
-8.04999999999927,90.4500000000007,29
17.4500000000007,105.25,49
-5.14999999999782,74.6499999999996,1
13.5500000000029,35.5499999999993,43
3.65000000000146,3.75,50.9
22.9500000000007,73.25,54.4
-13.6499999999978,-18.25,87.1
-33.4499999999971,-24.6499999999996,57.6
-26.5499999999993,-371.049999999999,115.9
-317.649999999998,136.15,41.5
-295.549999999999,160.549999999999,51.9
-341.449999999997,53.6499999999996,7.6
-336.149999999998,66.8500000000004,33.3
-269.449999999997,29.8500000000004,153.4
-262.449999999997,1.54999999999927,217.7
72.3500000000022,119.549999999999,180.6
92.9500000000007,134.75,121.1
161.550000000003,-26.1499999999996,42.7
-201.25,43.8500000000004,61.1
-67.1499999999978,93.8500000000004,86.5
-109.25,107.65,116
-8.04999999999927,123.25,63.2
35.4500000000007,136.25,76.9
0.0500000000029104,172.15,96.3
-283.649999999998,-16.9500000000007,180.2
-349.549999999999,-116.75,139.7
-133.25,225.849999999999,90.5
-151.049999999999,224.349999999999,36
-92.0499999999993,237.650000000001,40.8
99.4500000000007,371.75,26.4
90.3500000000022,349.950000000001,85
26.9500000000007,249.849999999999,45.6
-17.25,304.349999999999,151.3
105.850000000002,9.04999999999927,193.7
45.9500000000007,136.75,72.7
37.8500000000022,204.450000000001,49.3
-22.8499999999985,191.549999999999,65.9
-67.6499999999978,161.25,137.3
186.950000000001,105.950000000001,60.9
180.650000000001,51.75,63.4
-10.5499999999993,178.049999999999,103.3
-20.6499999999978,166.950000000001,20.4
-21.75,170.85,62.5
55.75,-222.65,17.9
8.45000000000073,303.349999999999,21
8.45000000000073,259.549999999999,48
-4.75,258.650000000001,58.5
27.8500000000022,294.75,70.4
7.05000000000291,256.450000000001,81.1
2.15000000000146,281.349999999999,36.8
8.75,290.25,49.1
199.350000000002,-105.35,70.7
190.850000000002,-159.049999999999,131.5
215.150000000001,-101.65,124.7
139.25,-166.75,126.3
120.25,-193.549999999999,172.9
-81.9499999999971,-306.950000000001,121
91.75,-293.549999999999,102.7
-319.149999999998,-139.85,185.4
92.25,-42.0499999999993,180.3
144.75,-45.8500000000004,226.4
107.350000000002,1.14999999999964,167.4
91.1500000000015,-2.45000000000073,178.5
-296.449999999997,-53.5499999999993,110.6
128.650000000001,-291.15,32.2
-11.75,-285.65,96.4
145.650000000001,-311.65,20.9
-68.9499999999971,-95.1499999999996,79.3
-75.9499999999971,-116.65,112.5
-90.0499999999993,-86.25,72.8
-95.6499999999978,-152.450000000001,95.6
193.25,-194.450000000001,65.2
322.350000000002,-108.049999999999,150.3
382.850000000002,-140.950000000001,244.3
-295.449999999997,-176.25,153.1
-256.449999999997,257.549999999999,63.5
-267.349999999999,319.950000000001,39.7
-248.75,388.349999999999,61.8
149.850000000002,215.150000000001,97.1
-237.149999999998,-179.85,133.4
-206.75,-135.75,192.6
-244.25,-184.450000000001,151.5
-283.25,-223.049999999999,143.5
-444.549999999999,-182.65,125.9
-427.549999999999,-223.450000000001,79.6
-327.449999999997,40.75,22.7
-355.549999999999,19.3500000000004,19.9
-316.949999999997,22.25,84.1
-281.049999999999,-338.549999999999,24.2
-276.349999999999,-325.950000000001,40.1
-282.649999999998,-351.049999999999,-1.1
-208.449999999997,28.25,121.9
-246.449999999997,34.0499999999993,113.5
-213.149999999998,26.0499999999993,145.7
-212.849999999999,51.8500000000004,78.4
-235.549999999999,22.5499999999993,64.1
-203.949999999997,75.25,91.3
-175.75,206.849999999999,109.4
29.9500000000007,-281.25,337.9
40.1500000000015,-223.15,254.8
18.0500000000029,-235.049999999999,302.2
195.75,464.25,94.5
124.950000000001,90.9500000000007,157.9
96.0500000000029,72.75,139.3
93.8500000000022,76.75,184
143.550000000003,101.450000000001,150.1
117.050000000003,-180.35,131.7
232.850000000002,-98.0499999999993,89.8
234.150000000001,-80.75,135.6
289.950000000001,-86.8500000000004,76.6
271.150000000001,-83.4500000000007,159.3
258.450000000001,-30.5499999999993,47.5
109.450000000001,204.450000000001,83.5
49.4500000000007,199.349999999999,139.6
82.6500000000015,174.15,61.1
61.4500000000007,97.8500000000004,115.7
390.25,-83.8500000000004,14.9
428.350000000002,-181.75,57.5
-330.25,-137.25,46.7
-259.649999999998,-151.25,146.4
-184.649999999998,-249.35,157.6
-193.75,-274.85,126.6
-211.949999999997,-227.950000000001,155.1
326.050000000003,218.049999999999,16.8
320.25,212.650000000001,91.1
332.550000000003,205.650000000001,58.3
344.25,234.650000000001,74.8
314.350000000002,179.75,12.2
322.150000000001,174.35,92.2
-86.75,-359.549999999999,45.6
-86.4499999999971,-393.049999999999,24.3
-8.25,-1.04999999999927,95.8
-109.049999999999,51.8500000000004,119.9
-72.8499999999985,86.0499999999993,54.1
26.8500000000022,239.450000000001,24.7
15.8500000000022,231.150000000001,37.5
36.75,12.8500000000004,229.6
24.4500000000007,-60.75,199.7
65.6500000000015,164.450000000001,190.3
-5.44999999999709,97.6499999999996,215.5
-49.8499999999985,119.549999999999,178.6
-8.04999999999927,81.75,184.2
52.8500000000022,65.8500000000004,185.5
65.5500000000029,29.6499999999996,281.9
131.850000000002,-49.0499999999993,180
50.6500000000015,411.349999999999,79.7
146.75,235.650000000001,162.8
-192.949999999997,236.349999999999,37
107.450000000001,-331.15,55.6
202.650000000001,56.6499999999996,230.5
-249.449999999997,76.9500000000007,148.8
125.650000000001,112.049999999999,204.2
94.6500000000015,39.4500000000007,89.9
-21.6499999999978,-324.549999999999,68.6
-1.14999999999782,-125.35,61.1
-231.549999999999,241.150000000001,66.3
-196.449999999997,272.25,87.7
-92.9499999999971,-194.65,144.6
-391.649999999998,-277.75,144.4
-260.849999999999,-35.9500000000007,157.8
-260.349999999999,-105.75,159.8
-54.25,-88.4500000000007,35.5
-37.1499999999978,-66.25,47.8
-14.4499999999971,-62.6499999999996,60.2
-27.0499999999993,-95.0499999999993,47.8
-209.849999999999,-251.450000000001,26.9
-267.349999999999,-254.049999999999,15.9
-248.849999999999,-230.950000000001,54.9
-240.949999999997,-215.450000000001,79.6
-239.049999999999,-250.549999999999,43.2
-160.349999999999,143.25,116.3
10.6500000000015,-181.049999999999,25.1
46.4500000000007,-186.75,34.3
115.650000000001,-133.35,4.6
105.050000000003,-119.65,16.6
101.950000000001,-134.65,-16.4
119.650000000001,-114.15,16
86.5500000000029,-182.549999999999,20.8
125.75,-121.15,33.9
-278.349999999999,53.25,85.1
-307.949999999997,74.6499999999996,104.6
-253.849999999999,28.8500000000004,125.4
-325.649999999998,24.6499999999996,78.1
-266.949999999997,103.450000000001,85.8
156.75,-472.65,22
225.850000000002,18.5499999999993,138
230.550000000003,86.25,100.7
230.550000000003,-116.35,124.9
58.5500000000029,-77.5499999999993,237.4
34.1500000000015,-121.35,207.4
-426.849999999999,-114.25,22.5
-348.449999999997,-87.3500000000004,120.3
-270.649999999998,150.950000000001,75
68.5500000000029,63.75,109.9
46.3500000000022,-9.54999999999927,138.1
52.1500000000015,13.9500000000007,111.8
-47.75,-23.8500000000004,197.8
-174.75,-180.65,54.1
-177.349999999999,-198.549999999999,82.4
-174.149999999998,-218.35,83.1
-120.849999999999,-181.15,65.2
-76.4499999999971,109.049999999999,109.8
-55.1499999999978,86.6499999999996,103.8
425.150000000001,-170.75,50.8
288.350000000002,320.549999999999,25.1
-153.449999999997,67.3500000000004,223.7
-151.349999999999,92.6499999999996,158.4
-208.75,54.5499999999993,178.5
-134.649999999998,55.25,209.7
319.650000000001,248.450000000001,4.9
281.050000000003,204.150000000001,49.8
-70.0499999999993,199.650000000001,164.5
374.950000000001,-226.450000000001,41.4
359.75,-191.15,21.5
337.25,-242.25,42.2
-145.549999999999,116.65,248
-196.949999999997,107.35,198.1
-126.75,-1.04999999999927,173.2
-70.0499999999993,-35.0499999999993,181.2
-86.1499999999978,-24.1499999999996,129.5
-119.449999999997,12.4500000000007,143.2
-117.649999999998,-6.35000000000036,139.4
98.8500000000022,138.15,101.1
-141.049999999999,-37.25,106.7
-114.949999999997,17.6499999999996,140.7
228.150000000001,244.349999999999,75.4
443.650000000001,-142.549999999999,123.8
-304.25,79.6499999999996,128.3
-269.049999999999,119.450000000001,124.2
-138.849999999999,23.8500000000004,141.7
160.650000000001,4.85000000000036,71.7
121.950000000001,-28.8500000000004,133.3
212.75,-195.25,286.2
7.25,15.5499999999993,263.5
-41.6499999999978,-462.049999999999,-3.5
117.25,-235.049999999999,93.6
-31.3499999999985,371.549999999999,84.7
-29.9499999999971,370.950000000001,52.5
0.150000000001455,354.549999999999,58.8
-15.6499999999978,335.75,139
-13.3499999999985,353.549999999999,100.9
-1.54999999999927,398.25,82.6
109.950000000001,-44.0499999999993,16.9
100.350000000002,-47.9500000000007,14.9
157.75,-0.950000000000728,22.2
-128.049999999999,-77.75,21.6
142.150000000001,183.15,202.7
-113.75,169.35,-24.7
-15.25,-342.25,130.5
37.4500000000007,-276.65,119.2
205.75,-69.8500000000004,94.9
361.050000000003,130.65,43.3
364.450000000001,139.049999999999,32.1
374.450000000001,142.15,60.2
405.150000000001,174.65,10
195.850000000002,522.75,69.3
207.650000000001,544.450000000001,47
60.0500000000029,5.75,35.8
91.9500000000007,-28.75,112.4
74.0500000000029,88.4500000000007,201.3
119.350000000002,51.8500000000004,215.9
53.25,88.4500000000007,224.9
57.25,-35.6499999999996,208.3
-193.149999999998,-305.950000000001,289
-178.049999999999,-387.15,24.4
138.75,166.450000000001,175.1
33.9500000000007,-215.450000000001,110.6
151.850000000002,111.65,23.2
290.550000000003,86.25,23.4
-279.549999999999,-103.35,61.2
-287.75,-163.049999999999,82.3
-263.75,-137.049999999999,65.5
-256.449999999997,-95.9500000000007,112.6
-243.75,-125.85,72.5
-224.049999999999,-93.0499999999993,30.9
-148.649999999998,114.65,54.5
-387.649999999998,-130.450000000001,58
-298.149999999998,155.75,171.5
-265.649999999998,152.15,74.9
-277.849999999999,85.75,86.9
-3.34999999999854,48.3500000000004,234
159.75,-7.85000000000036,224.2
331.150000000001,188.549999999999,65.3
318.25,209.450000000001,73.8
353.25,-355.049999999999,130.2
310.350000000002,-289.25,63.2
-353.549999999999,-176.25,122.8
-364.849999999999,-229.450000000001,70.6
-29.9499999999971,-137.15,82.2
-73.6499999999978,-192.15,49.5
284.550000000003,-322.450000000001,37.5
314.050000000003,-257.15,27.7
316.850000000002,-317.75,15.3
293.450000000001,-326.950000000001,110.4
302.25,-295.25,60.3
316.350000000002,-261.549999999999,51.9
283.450000000001,-300.75,11.7
311.550000000003,-262.15,96.9
322.850000000002,-327.25,80.6
305.850000000002,-296.450000000001,36.7
308.550000000003,-297.35,72.7
286.150000000001,-331.35,48.4
282.150000000001,-332.450000000001,67
309.450000000001,-323.85,22.5
-195.25,237.150000000001,98.3
-245.549999999999,94.1499999999996,151
-268.75,128.65,201.3
-272.549999999999,106.049999999999,213.4
-247.549999999999,139.35,181.4
166.950000000001,-4.25,53.7
-260.149999999998,-360.15,89.2
-105.449999999997,-62.0499999999993,149
-121.25,-18.1499999999996,125.1
-81.4499999999971,-111.25,75.6
-149.449999999997,-54.9500000000007,154.1
-254.549999999999,-233.35,91.3
-188.849999999999,-235.85,165.5
-209.25,-152.35,74.1
-244.449999999997,-204.049999999999,120.9
-226.549999999999,-202.25,152.4
-216.649999999998,-199.15,158.5
-203.949999999997,-192.75,160.7
-198.949999999997,-213.15,176.1
22.9500000000007,90.5499999999993,62.1
144.650000000001,-63.9500000000007,65.2
194.850000000002,15.75,-8.5
-134.549999999999,16.4500000000007,140.9
394.25,-267.65,47.2
380.650000000001,-258.25,111
370.350000000002,-291.950000000001,44.3
255.75,-12.5499999999993,55
194.450000000001,-91.3500000000004,150.4
177.550000000003,-94.25,106.7
-369.25,-94.3500000000004,194.2
37.9500000000007,1.35000000000036,74.1
42.1500000000015,-19.6499999999996,42.3
-379.349999999999,-1.14999999999964,112.8
-109.949999999997,-355.549999999999,114.8
119.550000000003,71.5499999999993,146.3
226.450000000001,53.4500000000007,68.6
-102.349999999999,-275.85,128.5
-151.649999999998,-298.35,62.3
-198.649999999998,-305.15,46.1
-149.25,-324.75,69.9
-199.949999999997,-289.75,20.4
-209.649999999998,-349.950000000001,33.1
-189.149999999998,-319.450000000001,56.3
-260.75,-11.6499999999996,68.3
-272.649999999998,-44.1499999999996,51.2
-304.649999999998,36.8500000000004,70.7
-277.649999999998,-18.75,67
-271.149999999998,19.1499999999996,24.4
365.650000000001,-276.35,45.5
-337.949999999997,-367.25,43.5
32.1500000000015,-314.950000000001,7.2
-238.149999999998,-165.85,45.9
-228.849999999999,-140.15,14.5
-178.549999999999,179.15,84.8
180.150000000001,-135.75,157
194.25,-118.75,128.7
188.950000000001,-139.35,235.3
-156.149999999998,93.3500000000004,90.2
-169.25,169.75,119.4
81.6500000000015,208.549999999999,68.7
-47.3499999999985,-127.75,84.3
249.850000000002,12.6499999999996,55.5
226.75,116.15,109
74.3500000000022,-345.15,13.5
-239.75,-55.1499999999996,124.3
-246.849999999999,-46.5499999999993,104
-179.449999999997,-43.1499999999996,127.4
-1.84999999999854,-80.8500000000004,183.6
-70.75,-104.049999999999,169.1
-226.149999999998,-40.6499999999996,141.8
-230.549999999999,-57.8500000000004,144.7
147.650000000001,-136.65,162.6
-125.649999999998,-71.75,121.4
-161.549999999999,-78.8500000000004,186.6
-159.25,-77.4500000000007,151.8
23.4500000000007,-73.9500000000007,181.1
425.650000000001,-59.75,86.4
-221.549999999999,-263.950000000001,118.2
-202.349999999999,-279.25,110.5
-177.849999999999,-279.049999999999,116.5
-91.3499999999985,-435.65,59.5
403.350000000002,419.450000000001,26.4
222.850000000002,-137.450000000001,121.4
299.450000000001,-137.85,91.7
288.850000000002,-169.049999999999,91
20.6500000000015,-151.049999999999,73.8
34.1500000000015,-141.450000000001,91.6
77.1500000000015,-246.75,34.1
12.9500000000007,-173.15,106.3
25.6500000000015,-161.35,52.2
86.0500000000029,-288.549999999999,47.1
-4.04999999999927,-259.950000000001,62.8
-4.14999999999782,-250.450000000001,98
-11.9499999999971,-276.450000000001,95.7
240.850000000002,484.349999999999,24
-108.25,56.75,84.7
-134.449999999997,58.0499999999993,56.7
-147.149999999998,21.8500000000004,84.7
-241.449999999997,-206.35,80.4
-256.75,-209.450000000001,165.6
266.25,-69.75,176.6
-15.25,135.65,264.5
-1.94999999999709,200.75,69.9
-42.9499999999971,170.75,37.2
14.6500000000015,160.65,91.6
225.550000000003,158.85,148.8
-107.949999999997,164.75,59.9
-304.75,-249.75,66
-279.149999999998,-133.549999999999,78.5
-219.25,78.8500000000004,204.8
76.8500000000022,-32.6499999999996,95.5
-382.049999999999,-161.75,61.1
261.050000000003,246.049999999999,149.5
427.950000000001,48.3500000000004,20.9
310.550000000003,-11.5499999999993,70.1
150.650000000001,9.75,51.2
133.150000000001,-153.049999999999,149.5
-44.75,212.349999999999,101.9
5.25,211.950000000001,92.6
-31.1499999999978,197.049999999999,116.3
-46.4499999999971,210.849999999999,70.2
-79.3499999999985,-47.75,137.8
55.6500000000015,305.650000000001,87
-26.25,52.8500000000004,138.1
223.550000000003,-110.450000000001,205.8
150.050000000003,224.75,167
-244.849999999999,-150.25,60.9
-220.849999999999,-115.35,47.1
-265.949999999997,-112.950000000001,113.7
-185.149999999998,195.75,178.1
-160.949999999997,159.75,142
21.75,-385.25,86.7
-349.049999999999,190.65,40.2
-368.649999999998,224.75,-4.7
701.75,27.3500000000004,7.7
684.75,14.6499999999996,31.7
101.550000000003,334.650000000001,72.8
118.950000000001,356.549999999999,66.8
229.050000000003,-40.0499999999993,159.1
219.25,-27.1499999999996,123.2
179.150000000001,-48.5499999999993,159.2
217.150000000001,-15.4500000000007,205.6
212.75,-24.75,144.6
190.050000000003,-40.1499999999996,169.8
357.25,-137.25,164.3
-222.75,121.950000000001,82
-248.449999999997,122.549999999999,43.8
93.75,16.1499999999996,33.5
131.050000000003,-82.6499999999996,174.2
-56.9499999999971,67.25,212.6
-175.25,354.549999999999,41
93.0500000000029,81.4500000000007,83.1
-102.449999999997,53.1499999999996,239.9
-100.25,34.4500000000007,199.6
-103.549999999999,44.9500000000007,217.1
-127.049999999999,2.14999999999964,157.3
-20.9499999999971,24.75,107
-187.049999999999,-171.85,91.8
-116.349999999999,-161.950000000001,-13.4
-79.0499999999993,-30.1499999999996,111.1
461.25,-168.65,104.1
450.75,-134.65,3.7
177.950000000001,3.35000000000036,55.1
172.050000000003,-5.95000000000073,120.1
175.150000000001,-2.85000000000036,34.9
154.450000000001,-102.75,137.7
178.650000000001,-35.75,145
339.25,322.950000000001,82.5
-251.549999999999,160.25,154.8
-117.25,-126.549999999999,92.5
72.4500000000007,94.3500000000004,102.4
-272.25,-87.75,100.5
-273.75,24.9500000000007,106
103.75,103.25,97.8
89.3500000000022,91.0499999999993,102.3
112.450000000001,80.0499999999993,70.5
-33.4499999999971,2.95000000000073,31.9
64.5500000000029,134.450000000001,18.1
79.25,144.35,88.4
97.8500000000022,152.950000000001,47.9
109.950000000001,184.85,65.8
-9.75,405.549999999999,59.7
-39.6499999999978,461.549999999999,97.9
159.050000000003,-224.75,107.5
187.350000000002,-229.85,75.9
-240.849999999999,99.0499999999993,111.5
-42.75,68.3500000000004,115.8
-30.5499999999993,43.75,33.6
283.25,2.64999999999964,47.6
210.850000000002,348.349999999999,33.9
168.75,-124.549999999999,65.6
-74.1499999999978,138.549999999999,66.4
-29.0499999999993,57.75,55.7
91.4500000000007,-13.8500000000004,96.2
118.050000000003,-24.5499999999993,70.1
133.350000000002,-12.6499999999996,90.8
81.5500000000029,-0.350000000000364,71.6
-18.9499999999971,68.1499999999996,153.4
209.650000000001,-67.25,9.6
-135.149999999998,-163.049999999999,111.7
-145.549999999999,-114.549999999999,143.3
-327.649999999998,-154.549999999999,75.4
-289.549999999999,-185.950000000001,53
-167.449999999997,183.049999999999,52.1
-190.149999999998,302.349999999999,-15.7
312.650000000001,110.85,153.9
300.850000000002,125.85,102.4
-106.849999999999,-81.75,15.2
-63.0499999999993,-74.75,45.8
268.150000000001,68.3500000000004,105.1
259.650000000001,240.549999999999,97.5
281.350000000002,-62.3500000000004,184.7
-53.25,65.5499999999993,28.5
-19.75,-45.6499999999996,102.7
-118.25,240.450000000001,81.6
-110.149999999998,257.75,113.8
-148.449999999997,245.950000000001,60.5
-244.449999999997,201.75,144.1
-231.75,226.549999999999,121.2
-263.149999999998,227.049999999999,147.2
225.950000000001,-343.549999999999,-2.2
206.350000000002,-296.450000000001,40.7
179.350000000002,-322.35,59.8
184.650000000001,-323.65,82.2
199.75,-346.25,56.2
-246.25,103.25,2.1
-271.549999999999,115.049999999999,30.1
66.1500000000015,26.75,-8.9
64.1500000000015,-4.85000000000036,67.4
47.1500000000015,-159.950000000001,3
50.5500000000029,147.950000000001,62.5
97.4500000000007,-55.75,185.7
151.950000000001,-24.6499999999996,174
156.75,-29.9500000000007,177.1
151.150000000001,-45.3500000000004,216.8
169.050000000003,59.5499999999993,209.6
48.8500000000022,41.5499999999993,202.7
23.5500000000029,124.65,127.9
168.350000000002,260.150000000001,58.1
101.350000000002,226.849999999999,159.6
-322.049999999999,-50.5499999999993,21
-92.5499999999993,151.25,100.6
0.650000000001455,-82.25,101.8
314.350000000002,175.950000000001,175.3
59.25,135.549999999999,139.3
15.4500000000007,102.950000000001,137.8
67.0500000000029,151.549999999999,134.2
63.9500000000007,115.15,60.2
37.6500000000015,84.4500000000007,53.9
68.0500000000029,108.65,75.6
5.75,49.75,59.9
-10.3499999999985,74.75,72.5
13.25,84.6499999999996,79.4
-336.849999999999,45.0499999999993,71.6
-93.1499999999978,185.25,167.1
-101.549999999999,139.25,159.1
92.1500000000015,-17.25,16.9
-222.949999999997,-211.85,97.2
-209.149999999998,-261.85,62.4
308.450000000001,47.6499999999996,147
-58.1499999999978,-353.549999999999,89
-38.0499999999993,-398.75,56.7
-214.25,-112.85,35
-213.649999999998,-150.35,23
-92.0499999999993,55.25,110
-42.9499999999971,-397.549999999999,33.2
-286.849999999999,-362.35,132.4
-220.649999999998,-336.25,137.2
-288.349999999999,-60.25,235.3
-141.049999999999,7.64999999999964,124.5
-244.449999999997,-68.6499999999996,200.2
-220.149999999998,-57.4500000000007,194.7
-230.849999999999,-89.9500000000007,229.4
-41.4499999999971,311.950000000001,40.2
-34.9499999999971,324.849999999999,59.2
-34.0499999999993,312.549999999999,47.8
-224.25,-256.15,100
-180.049999999999,20.1499999999996,164.2
127.850000000002,335.25,128.3
-287.049999999999,-56.4500000000007,49.1
-269.25,-106.049999999999,31
-258.849999999999,123.65,90.8
379.550000000003,261.950000000001,61
266.75,270.849999999999,61
-402.25,136.35,49
218.25,-138.35,117.1
161.150000000001,-178.25,81.7
176.050000000003,-181.25,84.4
161.650000000001,-200.35,78
273.350000000002,107.75,176.4
328.850000000002,51.3500000000004,146.9
265.75,110.35,182.5
286.050000000003,83.3500000000004,182.8
239.850000000002,93.9500000000007,161.6
275.050000000003,105.25,200.4
246.150000000001,74.0499999999993,196.1
-98.1499999999978,246.549999999999,190.3
-242.25,153.75,178.1
-186.849999999999,174.35,182
321.850000000002,-181.35,61.6
293.25,-217.25,73.7
325.75,-294.15,75.7
317.350000000002,-182.450000000001,56.4
322.050000000003,-146.950000000001,74.3
-118.349999999999,168.75,155.3
-131.149999999998,177.549999999999,141.7
-110.549999999999,146.25,88.3
-157.149999999998,198.75,102.4
-143.349999999999,195.35,161.5
-87.6499999999978,151.65,164.1
-136.149999999998,53.75,149.5
298.950000000001,122.950000000001,49.7
-80.1499999999978,311.25,51.7
-117.25,251.75,63.1
-115.449999999997,275.349999999999,102
-53.4499999999971,278.25,75.5
-286.449999999997,156.85,208.5
431.950000000001,151.950000000001,32.3
430.350000000002,173.450000000001,50
403.950000000001,159.450000000001,106.3
440.950000000001,189.450000000001,62.9
446.75,181.049999999999,109.2
-542.049999999999,-56.9500000000007,-34.1
-216.349999999999,-287.25,63.9
-196.75,-288.65,30.9
-204.949999999997,-255.25,169.1
3.45000000000073,-96.25,129.3
-118.25,63.8500000000004,155.7
-43.25,-35.3500000000004,124.5
58.9500000000007,-104.35,74.9
93.5500000000029,-32.25,71
55.4500000000007,-66.1499999999996,-16.2
70.25,-247.549999999999,147.2
158.25,-292.65,87.9
295.650000000001,50.1499999999996,-51.7
255.75,43.1499999999996,16.6
149.350000000002,-183.85,129
-108.149999999998,-204.950000000001,105
-80.5499999999993,52.3500000000004,144.3
-116.449999999997,70.25,136.4
-66.4499999999971,110.450000000001,199.9
-112.049999999999,330.75,49.6
-79.75,390.25,77.4
-37.9499999999971,426.549999999999,24.3
-141.549999999999,75.8500000000004,200.8
-164.349999999999,37.25,168.8
-145.649999999998,87.5499999999993,193.6
128.450000000001,-93.9500000000007,127.2
-17.9499999999971,172.450000000001,141.5
416.75,-106.35,125
303.050000000003,-170.549999999999,71.8
64.3500000000022,-33.9500000000007,123.9
101.550000000003,-76.0499999999993,101.8
104.650000000001,-128.450000000001,86.6
236.050000000003,-140.25,68.4
-77.8499999999985,233.849999999999,-13
-52.5499999999993,234.549999999999,53.7
149.75,-334.35,135.1
60.75,29.3500000000004,232.4
138.050000000003,-570.15,84.9
164.550000000003,-517.15,38.2
163.25,-539.75,65.7
185.350000000002,-570.450000000001,23
178.75,-527.049999999999,3.2
120.450000000001,-520.85,81.3
-6.75,-246.85,151.8
-63.8499999999985,-176.450000000001,145.8
122.050000000003,-178.35,-17.6
21.9500000000007,20.9500000000007,96
119.050000000003,-61.3500000000004,110.7
121.350000000002,-36.4500000000007,93.9
-17.3499999999985,40.3500000000004,20.2
-247.649999999998,17.9500000000007,37.9
17.1500000000015,-38.0499999999993,205.5
67.4500000000007,-265.15,55.5
259.150000000001,-115.35,243.4
235.650000000001,-59.0499999999993,232.3
122.450000000001,-91.6499999999996,63.8
218.25,7.25,78.9
191.350000000002,17.8500000000004,73
-47.9499999999971,-45.5499999999993,170.9
-92.3499999999985,-120.35,170.1
235.450000000001,415.549999999999,88.6
257.150000000001,398.549999999999,67.1
244.650000000001,406.650000000001,98
183.650000000001,321.049999999999,156.8
5.05000000000291,-58.75,168.6
13.0500000000029,-101.25,193.5
15.3500000000022,-50.5499999999993,229.4
-8.54999999999927,-70.1499999999996,201.8
113.050000000003,-68.1499999999996,114.3
33.9500000000007,-77.25,169.5
89.9500000000007,-75.5499999999993,117.7
137.950000000001,-69.3500000000004,115.8
139.850000000002,-37.0499999999993,148.9
266.450000000001,-518.049999999999,27.7
423.75,-242.85,5.8
212.25,-108.65,83
-212.649999999998,-88.75,43.6
-235.149999999998,-82.4500000000007,51.7
-83.8499999999985,-291.25,59
-107.549999999999,-316.450000000001,70.7
-115.25,-348.75,26.3
100.25,-408.75,10.4
181.850000000002,112.75,194
-167.75,-380.950000000001,65.8
-169.449999999997,-378.75,22.3
-178.349999999999,-382.65,39.5
-189.449999999997,-28.8500000000004,124.3
-133.25,-33.9500000000007,102
-174.549999999999,-8.45000000000073,125.4
-128.75,-49.4500000000007,152.2
-174.75,-62.5499999999993,127.8
-96.3499999999985,-83.5499999999993,104.7
-116.25,-83.5499999999993,160.4
-109.849999999999,-340.450000000001,117.2
2.75,352.950000000001,155
-364.349999999999,-274.35,112.6
327.25,-43.5499999999993,197.4
399.550000000003,135.75,212.3
205.25,-127.549999999999,166.5
238.950000000001,-63.25,121.8
210.75,-139.549999999999,221.4
160.950000000001,-96.9500000000007,216.9
-281.149999999998,-8.54999999999927,209.6
-259.75,-0.25,209.1
137.650000000001,335.450000000001,96.1
127.550000000003,317.650000000001,63.9
119.050000000003,298.450000000001,48.7
-235.949999999997,-70.1499999999996,44.3
-206.949999999997,-82.8500000000004,108.8
29.25,-224.450000000001,57.9
32.1500000000015,-210.549999999999,62.4
-156.049999999999,161.85,1.7
-129.549999999999,147.549999999999,48.1
42.0500000000029,337.849999999999,32.6
-106.049999999999,-82.25,90.2
66.5500000000029,61.8500000000004,25.1
-102.849999999999,-65.1499999999996,92.4
-138.149999999998,-12.75,97.6
-164.049999999999,16.75,29
-78.0499999999993,-159.65,107.8
-79.75,-190.15,78.5
51.5500000000029,77.4500000000007,80.2
66.1500000000015,90.4500000000007,38.2
-189.549999999999,88.8500000000004,225.2
-264.549999999999,134.450000000001,176.7
189.350000000002,139.15,108.6
207.850000000002,149.15,52.1
281.75,-360.75,137.7
194.350000000002,-257.950000000001,49.4
185.450000000001,-286.25,38
101.550000000003,-208.450000000001,175
219.150000000001,-283.25,121.3
327.050000000003,-425.549999999999,12.4
-62.4499999999971,307.450000000001,137.9
-41.9499999999971,327.150000000001,100.5
50.4500000000007,329.950000000001,-3.3
27.9500000000007,81.75,153.6
-16.5499999999993,33.0499999999993,146
-196.75,-48.0499999999993,99.2
-136.649999999998,-19.9500000000007,94.6
-270.449999999997,-107.35,54.7
3.05000000000291,-121.049999999999,36.7
-121.349999999999,-301.950000000001,2.2
-144.949999999997,-331.75,14.4
-251.549999999999,-324.35,169.1
-228.549999999999,-422.049999999999,195.9
-252.349999999999,-304.950000000001,133.6
-40.9499999999971,-203.85,104.6
82.1500000000015,194.25,112.2
98.5500000000029,147.049999999999,75.7
179.150000000001,357.650000000001,113.8
159.550000000003,188.75,93.1
69.4500000000007,141.549999999999,136.8
203.850000000002,162.25,89.6
231.850000000002,43.5499999999993,72.7
157.150000000001,-232.35,28.6
-300.549999999999,251.650000000001,75
-63.1499999999978,6.54999999999927,29.2
-71.75,0.25,122.4
-74.9499999999971,-40.75,139.5
-52.0499999999993,-182.15,43
227.150000000001,399.349999999999,1.4
113.450000000001,-137.85,121.6
123.950000000001,-136.15,83.8
122.650000000001,-169.549999999999,144.1
120.150000000001,-130.65,85.9
-21.3499999999985,304.950000000001,147.9
232.050000000003,-217.65,67.9
241.950000000001,-260.950000000001,64.5
-244.049999999999,93.75,16.2
-253.149999999998,91.6499999999996,2
-241.349999999999,100.85,-10
-235.549999999999,92.25,28.6
-259.25,93.0499999999993,38.7
-242.949999999997,90.9500000000007,55.1
-365.25,144.950000000001,-12.6
-316.75,106.549999999999,49.8
-324.449999999997,76.1499999999996,143.2
-271.949999999997,15.9500000000007,55
-121.649999999998,390.450000000001,2.6
157.950000000001,-70.5499999999993,120.2
-241.25,-285.450000000001,83.2
-151.849999999999,48.75,31.7
-148.25,22.0499999999993,5
-121.849999999999,78.3500000000004,38.8
-250.75,1.95000000000073,39.8
-133.049999999999,133.450000000001,79.7
-140.849999999999,154.15,110.6
146.050000000003,140.35,173.3
-271.25,-164.049999999999,84.9
-406.549999999999,-127.15,44.5
287.550000000003,-264.450000000001,33.8
-65.25,150.75,172.9
-396.25,38.4500000000007,34
251.950000000001,68.0499999999993,44.1
275.450000000001,-27.6499999999996,77.7
292.550000000003,-25.4500000000007,81.1
292.75,-20.9500000000007,109.2
260.950000000001,-36.6499999999996,44.5
255.050000000003,-13.6499999999996,76.6
-310.449999999997,150.450000000001,37.7
-31.75,-47.3500000000004,252.7
161.050000000003,395.950000000001,10.8
181.75,418.549999999999,27.8
-20.75,-263.85,-25.6
-320.349999999999,-6.14999999999964,136.6
68.3500000000022,-237.049999999999,4.9
101.350000000002,128.15,0.5
80.0500000000029,101.75,6.6
111.650000000001,115.25,20.9
93.5500000000029,114.950000000001,-2.6
91.25,120.25,31.5
126.25,138.950000000001,26.8
105.25,109.15,37
96.6500000000015,145.049999999999,8.4
15.9500000000007,-134.75,103.2
6.25,-185.75,124.2
-1.64999999999782,-157.950000000001,108.8
-12.9499999999971,-147.35,96.7
93.8500000000022,-87.6499999999996,147.9
20.8500000000022,283.049999999999,119.8
-123.549999999999,-18.3500000000004,192.4
-129.549999999999,-33.4500000000007,158.4
-124.449999999997,-56.1499999999996,164.5
-126.449999999997,-74.3500000000004,178.2
-119.449999999997,-66.0499999999993,163.1
-113.949999999997,33.9500000000007,192.7
-97.8499999999985,20.6499999999996,176.8
-62.9499999999971,126.950000000001,159.5
-70.4499999999971,145.049999999999,201.6
94.5500000000029,129.65,103.5
332.850000000002,225.25,75.8
315.350000000002,185.549999999999,63.1
312.350000000002,191.35,83.6
342.550000000003,185.950000000001,44.5
152.950000000001,-260.549999999999,2.7
-233.349999999999,121.549999999999,58.5
202.950000000001,163.950000000001,-5.7
232.550000000003,177.549999999999,9.5
210.550000000003,185.549999999999,33.1
193.75,177.049999999999,41.4
227.950000000001,184.15,66.8
230.050000000003,204.25,56.1
170.350000000002,200.549999999999,72.9
209.450000000001,162.65,69.2
15.6500000000015,-180.950000000001,183.7
0.0500000000029104,-149.15,170.6
128.050000000003,44.6499999999996,123.4
146.850000000002,-68.9500000000007,115.7
220.25,-49.6499999999996,63.6
-58.5499999999993,-32.25,184.1
-46.0499999999993,12.6499999999996,114.4
-62.8499999999985,28.75,133.6
-92.75,3.75,153.6
-66.25,20.0499999999993,174
-106.049999999999,20.1499999999996,208.3
-61.9499999999971,55.1499999999996,222.5
276.350000000002,-93.75,81.7
307.150000000001,-9.75,-6.2
-314.649999999998,15.1499999999996,70.9
-309.849999999999,-43.4500000000007,91.9
-280.849999999999,-8.25,70.5
-303.049999999999,9.14999999999964,69.5
-290.049999999999,-40.0499999999993,60.1
173.050000000003,-219.450000000001,11.5
228.550000000003,-152.25,36
226.950000000001,-13.4500000000007,109.3
153.550000000003,-117.049999999999,76.1
-117.449999999997,-60.5499999999993,47.1
-290.049999999999,-233.85,33.7
-37.3499999999985,-474.549999999999,68.8
165.350000000002,187.049999999999,83.7
174.450000000001,171.450000000001,129.2
-267.949999999997,-22.9500000000007,283.3
258.150000000001,113.25,-6.2
-121.25,-23.5499999999993,61.9
80.0500000000029,2.75,121.9
161.350000000002,61.5499999999993,173.7
-332.649999999998,-171.950000000001,160.8
-75.75,-139.65,118.7
-336.75,-42.6499999999996,57.2
-413.949999999997,-62.25,67.1
108.050000000003,276.650000000001,23.3
-53.5499999999993,-471.450000000001,63.4
-2.34999999999854,-310.15,41.6
109.550000000003,-152.25,76.8
141.350000000002,-186.15,58
268.25,76.3500000000004,-1.8
265.450000000001,62.8500000000004,22.6
-386.149999999998,137.049999999999,153.3
-319.549999999999,132.450000000001,84.7
-322.25,122.35,135.6
-302.449999999997,155.15,87.2
-192.849999999999,66.1499999999996,104.6
-163.949999999997,-87.9500000000007,3.5
-163.149999999998,-94.1499999999996,10.6
-180.549999999999,-79.1499999999996,4.8
-161.649999999998,-87.6499999999996,-5.9
-159.549999999999,-85.9500000000007,21.4
-150.849999999999,-68.0499999999993,27.2
-128.549999999999,-78.9500000000007,27.9
-162.549999999999,-56.4500000000007,31
-225.549999999999,-127.15,81.4
-154.349999999999,-99.1499999999996,1.6
-165.949999999997,-78.75,30.4
81.3500000000022,-241.15,140.9
-114.349999999999,-295.15,27
-164.25,-237.049999999999,141.7
156.550000000003,347.849999999999,-34
-213.649999999998,-291.950000000001,52.2
-149.149999999998,-201.450000000001,186.9
-81.3499999999985,-145.549999999999,3.8
-226.349999999999,-117.549999999999,75.6
-242.449999999997,-143.450000000001,90.6
-346.549999999999,177.75,97.4
-346.25,154.950000000001,75.3
-356.949999999997,149.950000000001,128.5
-209.649999999998,-368.450000000001,-11.3
-205.349999999999,-387.65,47.8
-143.25,-25.3500000000004,120.7
3.85000000000218,-239.85,125.3
201.850000000002,137.25,119.5
131.25,163.75,120
176.550000000003,152.85,121.7
146.650000000001,144.15,146.5
172.650000000001,141.049999999999,55.2
144.25,153.25,109.7
182.150000000001,148.450000000001,106.9
-260.349999999999,-50.25,212.4
-235.549999999999,23.25,229.1
-202.849999999999,-54.75,260.7
-193.049999999999,-124.549999999999,191.3
-200.25,-105.450000000001,261.2
409.950000000001,-14.4500000000007,65
10.6500000000015,-397.35,32.9
-281.149999999998,322.849999999999,17.5
349.850000000002,159.65,101.7
309.25,141.85,183.9
240.650000000001,105.25,190.8
-227.549999999999,208.349999999999,82
-200.049999999999,181.35,44.6
-250.75,203.349999999999,93.6
-228.449999999997,177.450000000001,79.6
215.950000000001,-181.049999999999,128.2
208.650000000001,-120.049999999999,125.7
197.25,-149.950000000001,119
158.150000000001,-191.15,119.7
169.650000000001,-177.35,173.8
183.350000000002,-143.15,140.3
199.25,-170.549999999999,113.5
196.550000000003,-197.75,133.3
196.25,-161.049999999999,165.3
195.350000000002,-158.049999999999,102.6
118.650000000001,-208.15,109.6
-36.4499999999971,-224.950000000001,117.3
-148.25,-281.75,79
-155.25,-52.0499999999993,23.1
1.75,-73.75,193.9
32.5500000000029,-5.14999999999964,129.3
-46.5499999999993,-21.75,158.1
103.050000000003,-382.65,28.6
125.050000000003,-321.549999999999,84.8
-45.3499999999985,227.950000000001,123.7
49.3500000000022,196.849999999999,78.6
-39.0499999999993,161.15,125.8
45.1500000000015,207.049999999999,40.5
43.9500000000007,146.15,46.8
38.9500000000007,187.25,33.7
4.35000000000218,53.5499999999993,124.9
54.5500000000029,145.15,123.4
291.150000000001,86.4500000000007,160.6
-333.649999999998,-18.3500000000004,64
-344.549999999999,-12.8500000000004,53.6
-320.949999999997,31.25,50.5
-312.549999999999,17.75,57.4
119.450000000001,175.950000000001,120.5
89.8500000000022,170.35,125.8
-31.75,18.5499999999993,80.9
-187.849999999999,-178.450000000001,79.5
-226.949999999997,-49.75,95.1
-230.549999999999,-10.1499999999996,56.6
-315.949999999997,62.25,28.6
-268.049999999999,71.25,81.6
-225.75,46.5499999999993,149.5
-185.25,89.1499999999996,159.7
-198.25,-399.65,99.4
-177.449999999997,-42.75,235.9
-220.25,-131.549999999999,338.9
112.850000000002,433.450000000001,68.1
-44.8499999999985,122.450000000001,164.5
242.150000000001,98.5499999999993,96.6
219.75,97.6499999999996,58.5
312.650000000001,293.950000000001,64.6
-97.6499999999978,-340.25,0.7
243.050000000003,-66.1499999999996,44.8
109.350000000002,228.349999999999,56.3
-143.349999999999,195.15,213.1
-50.1499999999978,257.650000000001,187.9
316.150000000001,148.85,51.6
327.650000000001,194.85,50.6
183.850000000002,-169.65,180
167.75,-173.950000000001,151.8
-248.449999999997,-64.4500000000007,146.7
-219.349999999999,-81.9500000000007,125.5
264.450000000001,73.3500000000004,82.2
300.550000000003,187.35,67.5
264.550000000003,73.4500000000007,188.1
165.950000000001,-49.8500000000004,52.3
149.25,-35.9500000000007,80
158.950000000001,-38.25,13.6
111.450000000001,-65.0499999999993,39
-97.6499999999978,70.8500000000004,200.2
-122.849999999999,64.4500000000007,160.1
-105.549999999999,-68.25,21.9
-79.5499999999993,-107.25,24.9
-149.849999999999,-93.3500000000004,36.3
-107.149999999998,-83.1499999999996,58.3
-144.75,-155.049999999999,14.6
220.950000000001,84.9500000000007,88.6
65.6500000000015,248.150000000001,72.8
63.25,281.25,31
283.150000000001,142.950000000001,92
177.350000000002,89.75,106.9
379.550000000003,-254.450000000001,42.3
302.850000000002,111.65,32.6
297.850000000002,46.4500000000007,34.8
279.350000000002,78.1499999999996,24
284.350000000002,57.9500000000007,35.2
16.1500000000015,-173.950000000001,162.3
210.25,4.95000000000073,63.3
136.950000000001,-36.25,184.6
-213.849999999999,-207.35,62.5
-156.849999999999,84.8500000000004,194.5
-104.149999999998,42.6499999999996,218.1
-107.449999999997,74.1499999999996,230.2
-266.049999999999,-63.1499999999996,132.7
-255.849999999999,-90.0499999999993,146.2
-208.149999999998,-95.75,101.5
-183.949999999997,-125.549999999999,178.7
-97.5499999999993,12.75,143.6
13.8500000000022,-299.25,16.4
-187.049999999999,-24.5499999999993,133.5
-374.25,24.9500000000007,128.8
-357.349999999999,47.75,65.3
3.15000000000146,-12.4500000000007,87.4
43.0500000000029,-38.5499999999993,81.5
-23.1499999999978,-126.950000000001,81.9
36.9500000000007,-170.65,66.5
11.25,-169.75,120.6
32.9500000000007,-194.75,98.3
58.6500000000015,66.75,22.2
-326.149999999998,-49.1499999999996,56.3
-343.449999999997,-78.3500000000004,27.1
87.9500000000007,-67.6499999999996,130.8
154.350000000002,162.049999999999,161.1
41.3500000000022,87.3500000000004,199.3
199.950000000001,-45.5499999999993,215.4
216.150000000001,-13.4500000000007,135.3
278.350000000002,-222.65,250.5
100.550000000003,-99.3500000000004,74.4
74.75,-94.8500000000004,92.5
93.75,11.4500000000007,9.7
85.25,155.85,96.9
-39.0499999999993,299.25,72.7
8.85000000000218,344.349999999999,17
107.850000000002,87.4500000000007,-13.6
-229.449999999997,-295.35,65.6
130.550000000003,-184.75,68.3
47.4500000000007,-306.25,117.2
110.650000000001,-259.950000000001,41.4
16.1500000000015,189.35,146.9
-186.049999999999,18.5499999999993,18.4
-204.049999999999,223.950000000001,98.5
-285.449999999997,148.75,28.2
-123.949999999997,364.349999999999,121.5
-225.649999999998,54.4500000000007,54.5
-272.049999999999,4.45000000000073,137.2
-280.649999999998,-48.4500000000007,174.1
40.1500000000015,264.450000000001,145.3
-88.8499999999985,-171.049999999999,232.9
-86.0499999999993,-165.15,192.7
-226.349999999999,96.75,109.5
-232.949999999997,108.65,22.4
-40.25,187.75,25.5
63.9500000000007,296.75,4.2
52.5500000000029,280.25,66.2
25.9500000000007,257.849999999999,22.1
157.75,248.150000000001,202.8
195.75,214.549999999999,105.4
308.650000000001,53.9500000000007,125.9
154.75,-79.4500000000007,55
-90.25,75.3500000000004,132.2
-3.25,15.75,114.9
-78.5499999999993,-275.35,139.4
-91.8499999999985,-262.549999999999,140.3
-50.4499999999971,-296.049999999999,62.7
-312.949999999997,-149.549999999999,66.4
375.850000000002,-260.15,22.7
408.450000000001,101.25,60.7
-188.849999999999,-5.14999999999964,35.8
28.9500000000007,137.049999999999,134
47.9500000000007,107.450000000001,33.3
-248.649999999998,-133.75,44
345.950000000001,240.150000000001,108.6
126.25,367.75,78
-253.449999999997,222.25,12.5
-105.949999999997,10.8500000000004,69.4
-161.949999999997,36.6499999999996,63.1
-240.049999999999,4.75,53.4
-58.5499999999993,6.45000000000073,210.4
-2.14999999999782,-379.450000000001,50.8
181.950000000001,380.150000000001,71.3
138.950000000001,252.849999999999,77
93.1500000000015,236.049999999999,81.8
171.850000000002,271.450000000001,98.5
-100.25,-304.549999999999,60.3
-80.9499999999971,29.5499999999993,87.1
-54.1499999999978,33.3500000000004,57.4
248.350000000002,-315.15,75.6
253.850000000002,-309.65,120.6
264.850000000002,-265.65,79.7
217.25,-311.75,140.9
283.650000000001,180.15,40.6
-95.0499999999993,333.849999999999,52.7
-62.8499999999985,367.450000000001,46.9
91.0500000000029,-358.549999999999,56.8
-224.75,14.9500000000007,222.6
-263.25,87.0499999999993,226
-286.949999999997,66.0499999999993,183.9
-190.849999999999,98.3500000000004,81.8
-187.349999999999,71.1499999999996,72.6
-138.349999999999,92.4500000000007,124.8
-149.849999999999,47.25,76.1
-330.449999999997,-28.75,66.8
-398.149999999998,-129.15,59.9
-426.349999999999,-88.0499999999993,135.6
-386.649999999998,-70.75,91.8
-362.949999999997,-139.65,11.2
-353.149999999998,-143.25,-13.3
-403.949999999997,-213.75,62.4
-47.3499999999985,-131.15,47.9
-32.8499999999985,-162.950000000001,50.9
186.850000000002,-0.350000000000364,59.2
360.350000000002,135.65,114.1
300.650000000001,-157.85,80.4
359.75,-104.549999999999,67.5
366.75,-100.450000000001,113.7
381.25,-80.9500000000007,89.7
366.550000000003,-117.85,73.6
307.550000000003,-132.35,81.5
319.75,-103.950000000001,78.3
330.050000000003,-119.65,96.4
325.950000000001,-134.65,58.7
336.950000000001,-102.35,80.2
290.650000000001,-145.35,108.7
-52.25,-205.950000000001,134.7
117.950000000001,9.14999999999964,117
-10.9499999999971,69.0499999999993,115.3
216.850000000002,-47.3500000000004,-5.4
199.25,-56.8500000000004,30.4
221.550000000003,-71.4500000000007,92.4
81.8500000000022,9.25,57
203.450000000001,-94.6499999999996,-7.4
264.050000000003,137.65,71.9
266.450000000001,142.950000000001,59.8
215.650000000001,32.0499999999993,69.4
236.050000000003,13.25,64.8
192.450000000001,-61.75,71.1
216.550000000003,186.549999999999,42.4
230.550000000003,187.65,29.8
237.550000000003,195.950000000001,37.9
248.850000000002,220.150000000001,41.5
219.25,201.25,50.5
196.25,190.65,77
257.350000000002,222.25,9.6
31.25,100.75,192.6
-14.5499999999993,249.75,88.1
-19.75,309.950000000001,148.2
-3.14999999999782,240.75,92.7
-4.14999999999782,275.950000000001,102.8
225.550000000003,213.349999999999,30.9
178.850000000002,194.950000000001,30.7
-7.34999999999854,-255.35,-0.1
15.9500000000007,-276.450000000001,54.9
-85.4499999999971,-193.35,20.1
14.8500000000022,-240.950000000001,-18.8
-90.75,-139.549999999999,51.4
-132.849999999999,-9.14999999999964,57.2
-158.75,-90.0499999999993,130.7
-65.3499999999985,-10.1499999999996,110.7
396.950000000001,-174.35,50.1
373.950000000001,-159.049999999999,76.1
305.850000000002,-102.049999999999,45.3
267.25,-81.6499999999996,8.5
248.350000000002,-33.75,-19.4
295.75,-24.3500000000004,47.2
150.950000000001,-61.4500000000007,77.4
71.4500000000007,189.25,176.5
50.8500000000022,152.15,166.3
40.1500000000015,173.049999999999,153.4
58.4500000000007,155.25,195.2
-78.6499999999978,-72.8500000000004,154.5
172.350000000002,-72.25,107.4
-136.649999999998,224.150000000001,247.7
-234.25,-0.549999999999272,136.1
-266.949999999997,-131.950000000001,113.1
156.450000000001,18.25,147.8
-30.0499999999993,134.450000000001,203.5
-91.6499999999978,85.1499999999996,233.8
29.8500000000022,113.049999999999,162.1
-79.8499999999985,134.549999999999,199.1
-167.549999999999,359.049999999999,39.3
49.9500000000007,262.950000000001,81.8
78.5500000000029,284.950000000001,15.4
355.050000000003,249.549999999999,45.9
398.450000000001,-7.64999999999964,74.4
-1.44999999999709,280.849999999999,61.8
10.25,267.75,14.2
-2.94999999999709,293.549999999999,34.3
-8.25,166.950000000001,25
-1.94999999999709,155.549999999999,0.4
119.050000000003,183.25,45.9
-0.44999999999709,159.65,8.1
16.8500000000022,267.650000000001,7.5
-50.25,293.349999999999,-24.9
-214.049999999999,54.1499999999996,62.6
-212.849999999999,-46.5499999999993,20.1
-196.25,10.1499999999996,70.7
-219.649999999998,36.4500000000007,71.4
-165.149999999998,12.9500000000007,52.3
-194.25,29.4500000000007,73.5
-193.649999999998,15.8500000000004,91.6
-182.949999999997,4.45000000000073,49.1
-198.75,46.8500000000004,75.4
-207.349999999999,0.450000000000728,60.7
80.5500000000029,334.049999999999,66.3
170.950000000001,-22.6499999999996,11.1
-60.6499999999978,-374.049999999999,99.7
170.25,-285.85,106.3
416.450000000001,219.549999999999,25.5
-299.649999999998,208.150000000001,124.3
-267.649999999998,250.25,88
-282.849999999999,228.450000000001,11.4
382.350000000002,148.15,89.9
-275.049999999999,234.25,3.8
-277.049999999999,201.25,-6.6
144.550000000003,-42.75,150
179.75,-23.8500000000004,135.6
180.050000000003,-54.25,30
-345.549999999999,-74.75,104.4
-350.149999999998,-56.0499999999993,112.3
-342.649999999998,-40.6499999999996,62.5
-341.449999999997,-96.9500000000007,114.1
23.9500000000007,-330.950000000001,54.8
310.350000000002,-120.049999999999,26.7
342.550000000003,280.549999999999,11.8
-153.849999999999,-63.6499999999996,24.8
-293.75,149.15,88.4
-255.849999999999,150.35,63.1
-246.849999999999,180.85,38
200.25,-189.049999999999,14.5
-205.949999999997,174.75,87
-225.25,179.950000000001,90.3
-187.049999999999,186.049999999999,30
-73.4499999999971,320.75,72.4
-105.949999999997,302.650000000001,83.2
23.25,-114.15,82.5
74.5500000000029,-112.049999999999,27.4
56.8500000000022,-145.950000000001,66.1
37.0500000000029,-109.75,107.6
56.25,-170.65,58.7
83.1500000000015,-134.65,38.3
61.4500000000007,-135.75,41.8
-3.64999999999782,-99.9500000000007,38.7
45.75,-172.049999999999,48.1
77.0500000000029,-128.450000000001,41
-26.4499999999971,322.849999999999,-17
-50.1499999999978,281.650000000001,19.7
-15.9499999999971,297.849999999999,11.1
-202.25,-92.6499999999996,22.1
38.4500000000007,-143.049999999999,210.8
-167.649999999998,-277.35,-2.2
232.850000000002,-300.15,44.6
215.25,-288.35,-16.7
227.650000000001,-278.049999999999,31.9
-220.25,225.950000000001,82.4
-213.849999999999,-99.25,8
-235.649999999998,-130.049999999999,8
62.9500000000007,217.75,105.9
-282.049999999999,170.549999999999,33.7
-265.649999999998,186.35,13.9
-285.949999999997,219.849999999999,25.3
-324.549999999999,178.450000000001,35
-266.149999999998,259.450000000001,67.2
-329.149999999998,185.049999999999,59.4
-280.25,207.049999999999,52.6
118.950000000001,128.950000000001,68.2
146.650000000001,187.75,37.9
191.25,196.549999999999,-40.4
-70.75,185.049999999999,219.2
460.350000000002,99.75,126
55.3500000000022,474.549999999999,-38.4
-317.549999999999,113.35,160.3
-216.149999999998,296.150000000001,38
-247.149999999998,292.849999999999,-0.5
-182.449999999997,252.75,31.5
-188.549999999999,100.549999999999,182.1
-92.4499999999971,15.1499999999996,162.7
-97.75,-42.1499999999996,173.5
-100.349999999999,-45.9500000000007,180.4
-224.549999999999,16.25,109.7
-149.75,-123.549999999999,205.2
-154.849999999999,-28.3500000000004,101.2
-114.649999999998,-12.6499999999996,44.8
-118.049999999999,21.8500000000004,28.6
-141.449999999997,28.8500000000004,26.2
-1.75,-157.75,-12.1
-181.549999999999,-142.049999999999,54.1
1.95000000000073,398.25,3.5
-15.1499999999978,-131.65,131.4
-143.649999999998,-111.25,100.1
-80.25,-178.450000000001,43.4
104.850000000002,-167.65,15
-13.4499999999971,-76.5499999999993,134.1
-414.649999999998,-82.75,20.7
-219.149999999998,-213.25,75.3
305.650000000001,-223.450000000001,84.9
264.550000000003,293.849999999999,54.4
299.550000000003,-162.35,30.6
291.650000000001,-128.049999999999,86.9
289.850000000002,-209.35,83.4
-98.25,283.549999999999,113.8
-74.25,295.150000000001,168.5
-86.4499999999971,304.049999999999,137.2
-104.75,253.049999999999,131
-40.9499999999971,299.849999999999,165.6
-4.04999999999927,65.5499999999993,214.8
120.150000000001,-55.6499999999996,216.5
213.950000000001,-156.549999999999,81.9
84.5500000000029,-215.65,59.6
-196.149999999998,-231.049999999999,45.5
-197.349999999999,-224.35,91.9
-153.649999999998,-211.15,77.3
-177.25,-202.85,117.3
-297.649999999998,48.6499999999996,151.9
369.75,238.950000000001,32.4
-214.449999999997,-111.15,113.4
445.350000000002,-139.35,83.9
522.450000000001,-67.25,98.9
202.450000000001,-52.5499999999993,114.2
-224.649999999998,118.15,127.3
62.0500000000029,-221.65,137.6
175.650000000001,-191.549999999999,21.6
159.850000000002,-223.950000000001,75.7
202.150000000001,-117.35,3.9
-154.149999999998,-166.65,63.8
47.6500000000015,112.25,115.7
187.850000000002,-226.950000000001,57.2
116.25,-291.549999999999,18.1
18.6500000000015,284.150000000001,130
-177.649999999998,291.25,87.8
46.25,382.450000000001,61.4
98.5500000000029,356.150000000001,34.2
45.8500000000022,332.150000000001,93.2
187.450000000001,211.049999999999,204.7
167.150000000001,361.549999999999,39.7
178.75,-326.75,3.1
87.25,25.5499999999993,132.6
-75.4499999999971,213.549999999999,118.9
-48.6499999999978,132.15,153.5
-92.8499999999985,243.549999999999,99.3
394.75,-264.549999999999,40.1
100.450000000001,24.5499999999993,82
64.75,124.25,-10.5
381.150000000001,-121.549999999999,1.9
297.25,350.25,-96.9
130.25,-241.35,68.1
127.850000000002,-111.65,205.1
70.75,-109.950000000001,184.2
41.5500000000029,-237.35,10.1
23.0500000000029,-244.549999999999,-17.1
304.75,-7.14999999999964,9.9
376.850000000002,-71.8500000000004,-0.8
316.350000000002,-31.75,-16.9
331.650000000001,-19.1499999999996,-46.9
289.450000000001,196.25,38.7
268.450000000001,186.450000000001,-29.1
282.75,206.349999999999,53.8
294.25,123.75,3.7
294.25,219.25,45.7
-137.649999999998,-86.3500000000004,63
-113.649999999998,-40.25,76.1
-104.049999999999,-71.1499999999996,-12.3
-91.9499999999971,-45.4500000000007,61.1
-106.949999999997,-57.1499999999996,43.4
-139.449999999997,-59.9500000000007,60.4
-97.4499999999971,-62.4500000000007,44
145.350000000002,-163.75,-10.6
125.950000000001,-120.35,8.2
177.650000000001,-157.15,-29.7
184.350000000002,-162.65,-41.4
94.8500000000022,50.0499999999993,60.2
-263.949999999997,232.349999999999,46.7
68.25,-71.25,-5.8
24.9500000000007,-385.25,-25.6
9.45000000000073,-417.450000000001,-7.2
64.0500000000029,-381.15,32.5
158.150000000001,225.75,76.3
172.950000000001,230.75,64.2
-215.049999999999,-149.85,-6.6
-67.4499999999971,140.65,19.5
-120.149999999998,124.75,72.8
-30.25,152.65,40.1
48.5500000000029,175.549999999999,10.2
-61.75,-21.0499999999993,91.2
366.550000000003,136.75,66.7
293.75,119.950000000001,13.9
358.550000000003,158.85,68.7
-63.3499999999985,146.85,66.6
-41.6499999999978,114.450000000001,91.2
73.8500000000022,102.25,77.9
78.3500000000022,94.3500000000004,66.8
149.850000000002,75.9500000000007,66.8
128.150000000001,20.9500000000007,67.5
112.150000000001,98.75,70.3
105.050000000003,50.8500000000004,52.2
124.550000000003,52.25,83
52.0500000000029,101.85,119.2
99.8500000000022,102.75,85.6
-269.949999999997,110.950000000001,89.6
-182.849999999999,-214.85,80.9
-163.149999999998,-74.5499999999993,164.6
-193.049999999999,-183.450000000001,82.1
-192.949999999997,-182.35,48.2
-184.349999999999,-169.25,-20.2
-207.25,-159.85,15.1
-13.0499999999993,229.650000000001,136
15.75,229.25,163.3
29.25,216.75,133.1
3.95000000000073,253.25,142.1
-270.25,3.95000000000073,40.7
-209.549999999999,-181.950000000001,143.9
-166.949999999997,-63.1499999999996,117.8
-251.25,-181.35,173.9
-201.75,-114.65,104.2
-230.849999999999,-189.450000000001,159.8
-209.25,-141.25,153.8
487.950000000001,-51.3500000000004,77.3
-294.349999999999,-149.85,3.7
-65.3499999999985,114.049999999999,122.3
130.050000000003,-93.1499999999996,89.1
104.650000000001,-114.25,109.7
106.550000000003,-73.5499999999993,130.3
-157.649999999998,52.8500000000004,28
-75.8499999999985,-275.25,189
6.35000000000218,318.049999999999,181.5
15.3500000000022,310.349999999999,153.3
169.050000000003,103.950000000001,83.6
172.850000000002,148.549999999999,115.4
172.25,132.85,108.4
226.25,215.549999999999,45.7
408.150000000001,93.75,87.6
185.950000000001,-135.15,49
127.350000000002,-146.35,17.2
-179.549999999999,242.150000000001,23.3
-155.649999999998,211.450000000001,30.5
-163.549999999999,258.150000000001,64.1
-176.149999999998,243.950000000001,44.9
-165.049999999999,276.950000000001,32.3
-172.549999999999,274.150000000001,19.8
-164.549999999999,234.450000000001,70.4
-381.949999999997,-248.35,50.8
-247.049999999999,180.549999999999,46.7
147.850000000002,-230.75,22.2
138.850000000002,-254.950000000001,29
-286.349999999999,-124.450000000001,99.9
-289.149999999998,-103.549999999999,88.4
-362.25,125.049999999999,-13.1
-360.75,68.6499999999996,12.6
-214.849999999999,-228.549999999999,-13.2
-209.949999999997,-188.950000000001,6
-212.049999999999,149.549999999999,55.5
-224.449999999997,169.450000000001,75.3
-234.849999999999,148.35,9.4
-213.549999999999,149.25,38.2
-205.149999999998,148.950000000001,37
-234.449999999997,176.950000000001,13.4
-92.6499999999978,-342.85,126.6
-92.9499999999971,-202.25,88.6
-256.149999999998,89.9500000000007,179.2
-257.849999999999,-52.4500000000007,116
-316.25,132.35,141.9
-320.549999999999,-237.049999999999,-2
-540.549999999999,63.6499999999996,-20.1
-514.75,30.0499999999993,33.4
146.650000000001,371.549999999999,-10.3
25.4500000000007,-102.75,67.1
-288.049999999999,-181.549999999999,28.2
-253.949999999997,-188.35,73.8
-254.849999999999,5.85000000000036,73.2
16.0500000000029,102.049999999999,131.2
33.3500000000022,-6.35000000000036,32.4
151.650000000001,-157.75,54.3
149.650000000001,-115.049999999999,60.8
188.850000000002,-74.3500000000004,109.3
142.75,-56.5499999999993,74.6
-81.5499999999993,-355.85,-12
-39.75,-362.25,37.6
94.9500000000007,-64.6499999999996,191.2
-148.449999999997,-273.549999999999,209
403.550000000003,185.65,-15.6
-357.049999999999,-65.6499999999996,25
-81.0499999999993,230.25,79.4
-31.5499999999993,242.950000000001,46.6
-63.3499999999985,229.849999999999,76.9
-43.6499999999978,265.549999999999,46.3
-289.649999999998,74.6499999999996,45.7
-328.049999999999,10.9500000000007,108.4
-266.949999999997,44.8500000000004,58.3
-152.849999999999,200.349999999999,51.2
-276.849999999999,26.4500000000007,50.6
-37.3499999999985,271.349999999999,41.7
-99.75,229.049999999999,34.1
199.75,-185.85,131.6
-41.75,5.04999999999927,129.7
169.25,-116.450000000001,27
-238.449999999997,89.1499999999996,65.2
186.050000000003,196.549999999999,-0.1
-49.75,-302.25,60.8
41.4500000000007,27.75,-46.2
34.1500000000015,13.75,-8
120.450000000001,-15.0499999999993,134.6
71.1500000000015,173.950000000001,53.6
280.550000000003,-93.75,61.5
301.850000000002,-153.450000000001,79.2
-255.049999999999,-168.85,25.3
-276.25,-208.35,29.5
-69.25,-67.75,170.9
-98.0499999999993,30.4500000000007,194.5
130.950000000001,196.049999999999,75.7
142.050000000003,266.849999999999,56.8
92.0500000000029,-23.6499999999996,134.5
9.55000000000291,18.9500000000007,114.8
22.3500000000022,-25.0499999999993,64.7
10.4500000000007,1.75,101.3
-194.549999999999,-108.85,104.4
-117.149999999998,44.75,116.2
-96.6499999999978,50.3500000000004,65.9
14.0500000000029,-180.950000000001,108.8
40.25,-209.549999999999,102.1
-284.75,3.04999999999927,102.3
-294.449999999997,-81.25,108.5
-315.25,-64.1499999999996,111.9
-305.049999999999,-30.4500000000007,82.8
-281.449999999997,-68.5499999999993,73.5
-295.949999999997,-25.0499999999993,54.7
-292.149999999998,-26.6499999999996,103.8
-188.949999999997,113.65,92.8
57.3500000000022,24.3500000000004,105.2
28.8500000000022,-43.4500000000007,35.7
37.0500000000029,-19.75,12.1
297.75,-292.35,90.4
226.050000000003,-357.450000000001,122.8
244.050000000003,-254.450000000001,106.5
92.4500000000007,389.049999999999,129.7
-183.75,-128.049999999999,39.5
27.75,-253.950000000001,72.7
66.1500000000015,114.549999999999,48.6
48.1500000000015,122.950000000001,128.9
-168.149999999998,154.85,30.5
-293.75,72.4500000000007,78.6
-289.25,72.4500000000007,100.9
-297.049999999999,74.3500000000004,122.9
-377.649999999998,-143.549999999999,23.8
-348.25,-84.75,-6.2
-113.449999999997,320.349999999999,177.1
-255.25,192.950000000001,103.9
-291.349999999999,162.35,123.9
-406.049999999999,117.65,89.8
-438.849999999999,120.75,88.1
-95.6499999999978,179.35,307.5
-205.549999999999,-73.4500000000007,34.3
-221.549999999999,-75.6499999999996,38.2
-191.549999999999,-21.5499999999993,125.3
31.4500000000007,212.049999999999,-43.6
187.350000000002,422.150000000001,8.4
133.950000000001,128.950000000001,23.3
43.25,-206.549999999999,-4.7
-139.25,-123.549999999999,-25
-161.949999999997,-142.549999999999,50.1
199.350000000002,46.1499999999996,-14.6
169.350000000002,107.049999999999,18
-218.349999999999,17.1499999999996,39.9
-38.75,137.549999999999,74.3
-120.149999999998,164.049999999999,183.5
-91.8499999999985,135.85,131.9
-79.75,102.549999999999,175.6
100.25,218.549999999999,68.5
171.050000000003,-269.549999999999,77.8
177.25,-290.65,56.6
187.550000000003,-282.25,43.8
74.0500000000029,-297.35,24.9
23.6500000000015,-233.25,103.1
-135.849999999999,-447.15,50.4
-123.75,-384.049999999999,52.3
-394.549999999999,136.950000000001,14.7
1.75,-414.35,65.6
117.650000000001,37.75,167.1
152.550000000003,37.5499999999993,107.2
352.75,234.349999999999,-25.1
-243.25,175.950000000001,-3.5
-142.649999999998,-67.5499999999993,44.9
349.450000000001,275.25,-13.2
311.850000000002,253.849999999999,35
275.050000000003,225.450000000001,7.2
245.75,261.450000000001,12.6
259.850000000002,261.450000000001,6
283.150000000001,239.349999999999,43.7
217.25,-133.450000000001,-41.7
154.650000000001,353.950000000001,57.3
-64.6499999999978,-148.75,-58.3
-74.4499999999971,-164.65,194.4
-51.75,-144.75,165.3
59.75,174.15,25.8
8.85000000000218,154.049999999999,13.5
-24.4499999999971,231.150000000001,31.3
-25.0499999999993,-283.65,116.2
-153.849999999999,-348.65,9.4
-105.149999999998,356.650000000001,49.6
120.75,-164.450000000001,31.3
-284.75,169.75,7.2
-122.049999999999,-356.65,10.4
125.550000000003,-312.35,166.7
142.25,-289.75,164.5
65.9500000000007,-48.0499999999993,51.3
-70.6499999999978,-149.950000000001,-45
-12.1499999999978,297.75,7
10.8500000000022,235.549999999999,40.6
-114.649999999998,216.150000000001,77.3
-84.5499999999993,209.450000000001,75.9
246.850000000002,263.049999999999,116.2
-274.349999999999,45.8500000000004,60.5
24.1500000000015,210.549999999999,20.5
-117.449999999997,74.0499999999993,26.5
-87.9499999999971,35.3500000000004,80.8
-98.6499999999978,34.25,54.1
-142.75,53.9500000000007,93.7
-170.649999999998,45.6499999999996,74.1
324.650000000001,227.849999999999,41
-79.6499999999978,-53.1499999999996,171.9
-183.349999999999,45.9500000000007,167.8
-141.25,62.4500000000007,112.8
5.75,228.75,167.4
78.5500000000029,255.150000000001,93.1
94.5500000000029,200.950000000001,148.1
41.0500000000029,154.950000000001,197.7
22.8500000000022,193.549999999999,214.1
158.850000000002,-161.35,35.2
254.550000000003,-197.549999999999,24.3
192.25,-137.35,0.7
217.550000000003,-114.25,-1.9
90.25,-19.9500000000007,93.3
-18.4499999999971,130.35,121
-8.14999999999782,124.65,120.1
39.5500000000029,-269.950000000001,44.8
-296.049999999999,-108.35,92.1
-292.449999999997,-75.75,53.5
-288.849999999999,-107.450000000001,71.9
-312.25,-71.75,120.6
-306.149999999998,-25.8500000000004,85.6
-255.349999999999,63.1499999999996,102.8
-234.25,-42.25,26.6
262.950000000001,230.75,51.4
303.950000000001,282.650000000001,41.9
282.950000000001,242.75,29.5
144.050000000003,269.150000000001,-58.7
-106.949999999997,-178.950000000001,61.9
-149.25,-141.450000000001,48.9
-30.1499999999978,341.349999999999,-11.9
-7.44999999999709,337.549999999999,-5.2
-7.04999999999927,317.650000000001,11.6
-3.04999999999927,304.049999999999,28.7
-77.3499999999985,-187.450000000001,85.8
-18.0499999999993,3.04999999999927,145.7
83.3500000000022,-99.1499999999996,269
168.150000000001,-200.85,187.1
235.850000000002,96.5499999999993,24.7
251.150000000001,117.35,-7.9
87.25,26.1499999999996,66.5
98.75,97.0499999999993,115.8
-210.549999999999,-6.14999999999964,1.8
-222.149999999998,3.85000000000036,47.9
-213.25,4.75,-24.4
-123.549999999999,48.4500000000007,9.2
-149.349999999999,19.1499999999996,27.4
-61.25,17.25,22.9
-56.0499999999993,37.4500000000007,4.1
-91.8499999999985,35.9500000000007,7.6
114.850000000002,-160.65,25.4
-72.6499999999978,-445.450000000001,3.3
-71.3499999999985,-423.549999999999,-2
225.75,368.349999999999,4
240.550000000003,393.049999999999,20.8
-105.049999999999,75.6499999999996,91.8
482.25,116.950000000001,41
379.050000000003,-161.85,22.6
66.5500000000029,-237.25,35.1
88.0500000000029,-257.450000000001,47.5
-208.549999999999,24.8500000000004,152.8
-194.849999999999,14.5499999999993,91
103.950000000001,296.150000000001,48.7
-410.949999999997,-218.450000000001,108.6
141.050000000003,71.0499999999993,50.5
106.450000000001,40.1499999999996,61.2
-12.25,-167.15,178.9
-27.25,-108.549999999999,166.7
19.3500000000022,-107.75,189.3
239.050000000003,-297.35,133.2
323.550000000003,-230.75,-13.4
263.75,-143.75,72.4
346.550000000003,-263.450000000001,2.5
221.850000000002,-73.6499999999996,25.7
160.25,41.0499999999993,-9.6
135.550000000003,83.0499999999993,17.5
125.650000000001,90.4500000000007,3.4
94.25,137.049999999999,-17.2
-66.0499999999993,156.35,39.7
-297.449999999997,12.5499999999993,43.3
87.75,199.549999999999,103.7
11.3500000000022,-240.35,221.9
282.650000000001,75.0499999999993,96.9
-77.3499999999985,-223.65,128.4
-85.8499999999985,15.8500000000004,282.1
-99.6499999999978,20.4500000000007,152
-411.349999999999,-8.85000000000036,46.6
52.8500000000022,70.5499999999993,99.8
-96.8499999999985,76.4500000000007,113.5
35.8500000000022,120.65,180.2
42.3500000000022,15.8500000000004,139.6
42.8500000000022,5.85000000000036,87.3
-301.25,-75.0499999999993,147.8
-279.049999999999,-32.4500000000007,114.7
237.650000000001,203.049999999999,89.9
217.150000000001,-110.75,143.9
102.550000000003,123.15,196.3
127.550000000003,79.6499999999996,110.7
189.650000000001,94.0499999999993,125.5
171.050000000003,103.549999999999,104.2
150.450000000001,105.450000000001,78.4
37.9500000000007,97.0499999999993,54.4
46.9500000000007,90.25,102.6
-77.25,16.4500000000007,67.1
-271.049999999999,-29.4500000000007,173
-192.449999999997,-98.4500000000007,4.7
25.1500000000015,-76.8500000000004,156.2
74.0500000000029,-65.5499999999993,146.9
303.450000000001,207.950000000001,-15
-397.849999999999,51.25,25.2
-377.149999999998,69.6499999999996,33.5
-353.349999999999,54.9500000000007,23.7
-56.75,-231.75,48.6
-182.049999999999,-306.549999999999,-3.5
-132.649999999998,-134.75,144.1
199.850000000002,-138.450000000001,34.3
201.25,-135.15,48.6
188.650000000001,-145.15,-7.7
112.450000000001,-117.75,107.1
144.150000000001,-177.049999999999,56.5
100.350000000002,-145.85,117
-0.849999999998545,-144.549999999999,202.9
16.1500000000015,-197.049999999999,266.9
-25.25,-175.35,128.9
-52.9499999999971,-53.25,143.3
-107.75,-7.95000000000073,105
352.25,-30.75,50.9
-257.649999999998,-425.35,48.8
13.5500000000029,62.75,-70.4
64.25,132.25,45.7
9.35000000000218,-144.75,194
38.4500000000007,-146.85,116
-9.25,-139.85,125.3
-19.9499999999971,-100.35,110.4
17.8500000000022,-16.75,19
6.25,-0.850000000000364,-42.1
341.550000000003,-48.25,51.3
356.550000000003,-23.4500000000007,98.6
-54.0499999999993,-161.25,173.1
-44.75,40.75,115.9
-29.8499999999985,16.25,157.1
15.75,-139.85,192.6
6.35000000000218,-158.049999999999,166.7
-214.149999999998,59.0499999999993,49.5
-292.349999999999,132.25,39.3
166.350000000002,131.950000000001,82
227.550000000003,25.75,91.4
259.950000000001,17.8500000000004,32.3
225.350000000002,120.950000000001,47.7
-157.549999999999,-95.6499999999996,3.2
-189.849999999999,-58.75,162.3
-3.25,-92.5499999999993,2.7
45.25,-116.049999999999,35.3
-18.0499999999993,-57.1499999999996,-58.6
33.1500000000015,-92.8500000000004,-4.3
-267.75,-147.65,168.2
-308.549999999999,66.5499999999993,19
123.650000000001,-143.950000000001,-42.2
143.75,-72.4500000000007,-1.8
112.450000000001,-168.65,-57.6
89.25,61.0499999999993,142.4
30.3500000000022,95.1499999999996,121.8
-236.649999999998,-184.85,38.2
348.950000000001,-19.1499999999996,21.9
-48.1499999999978,242.549999999999,-34.1
-191.549999999999,282.75,54
-55.0499999999993,115.450000000001,67.5
-117.75,-61.1499999999996,139.7
195.850000000002,2.14999999999964,139.5
-275.049999999999,-151.75,29.9
-266.449999999997,-80.9500000000007,47.5
-308.549999999999,-90.8500000000004,112.1
-257.649999999998,-160.35,25.7
-278.649999999998,-169.85,-11.8
-42.9499999999971,352.849999999999,3.5
-33.3499999999985,269.349999999999,61.2
-165.649999999998,-396.15,0.3
-288.849999999999,-45.5499999999993,119.1
-282.349999999999,-48.9500000000007,127.7
204.650000000001,-156.35,101.4
176.050000000003,-193.15,130.4
152.75,-197.15,117
204.350000000002,-177.35,139.4
169.650000000001,-219.35,146.5
158.650000000001,-201.15,188.6
183.350000000002,-140.25,154.9
-281.949999999997,-10.1499999999996,51.8
-267.449999999997,-17.1499999999996,63.1
45.0500000000029,-44.75,37.6
199.650000000001,197.450000000001,15.4
-196.25,-386.75,48.2
215.450000000001,-254.35,80
292.450000000001,30.0499999999993,21.1
329.850000000002,67.9500000000007,-15.5
-11.0499999999993,-465.65,58.2
201.25,-0.850000000000364,35.6
-164.049999999999,-93.75,58.9
2.85000000000218,-184.65,109.6
52.25,-159.15,32.3
293.950000000001,133.549999999999,22.5
213.450000000001,220.450000000001,42.1
205.350000000002,178.15,16
271.550000000003,155.25,67.9
203.650000000001,214.25,11.4
237.050000000003,170.85,16.6
308.050000000003,126.75,49.3
391.75,66.8500000000004,34.9
-99.3499999999985,167.450000000001,176.6
-50.3499999999985,-153.049999999999,147.5
-99.9499999999971,64.75,135.2
-156.75,-19.0499999999993,227.6
-490.25,80.0499999999993,60.6
-130.649999999998,249.549999999999,126.9
21.3500000000022,-208.65,135.7
39.8500000000022,-116.85,148.4
48.6500000000015,-131.950000000001,109.9
62.1500000000015,-150.450000000001,142.6
31.0500000000029,-131.549999999999,118.2
22.8500000000022,-140.950000000001,111.9
27.75,-130.950000000001,62.3
-139.449999999997,53.75,153.6
-110.149999999998,65.75,174.7
-118.949999999997,45.0499999999993,179.6
-129.849999999999,0.549999999999272,191.3
-145.25,67.3500000000004,294
-101.849999999999,21.5499999999993,210.9
-21.75,98.9500000000007,182.9
-239.449999999997,-180.35,60.9
283.950000000001,291.349999999999,5.1
-157.849999999999,-336.75,31.8
-25.9499999999971,336.349999999999,81.1
-12.9499999999971,352.150000000001,23.1
-5.64999999999782,382.150000000001,-39.7
-154.549999999999,178.450000000001,51.8
-133.349999999999,177.35,53.4
-152.649999999998,91.8500000000004,-2.7
-144.849999999999,156.549999999999,35.7
-147.049999999999,120.950000000001,47.3
-170.349999999999,135.25,-4.6
393.450000000001,227.150000000001,-16.2
360.650000000001,290.549999999999,-10.2
379.75,232.049999999999,1
298.550000000003,42.75,53.2
396.550000000003,233.950000000001,7.1
302.650000000001,-160.549999999999,124.5
165.150000000001,42.75,65.6
49.75,28.4500000000007,48.2
23.4500000000007,14.6499999999996,71.7
-23.75,97.9500000000007,66.1
-244.449999999997,-464.25,47.5
-198.75,-181.85,66.3
-269.549999999999,-170.65,97.2
-313.75,-152.25,36.2
-379.349999999999,-117.35,78
33.6500000000015,255.849999999999,137.2
8.15000000000146,233.75,141.4
12.25,226.150000000001,115.7
32.0500000000029,239.849999999999,86
47.4500000000007,259.349999999999,33.6
32.8500000000022,252.950000000001,37.1
99.1500000000015,281.25,81.9
303.550000000003,-19.4500000000007,37
308.650000000001,-3.75,54
293.850000000002,-14.25,16.5
265.650000000001,22.0499999999993,77.8
69.6500000000015,67.1499999999996,21
-167.049999999999,-125.049999999999,102.1
-139.549999999999,-105.950000000001,3.6
-184.349999999999,-138.75,9.7
-175.949999999997,-169.75,37
-150.449999999997,-170.549999999999,36.2
-161.75,-127.049999999999,-19.1
-167.649999999998,-85.5499999999993,-19.9
-220.649999999998,-157.35,8.3
-42.25,-207.549999999999,42.8
-27.75,-302.75,44.9
-25.75,-405.049999999999,-18.1
-30.0499999999993,-65.75,49.2
15.9500000000007,15.6499999999996,33.1
-56.8499999999985,-11.8500000000004,-2.8
21.3500000000022,90.25,38.8
-354.349999999999,-69.5499999999993,123
256.350000000002,-12.3500000000004,23.5
270.550000000003,68.1499999999996,109.3
231.050000000003,74.25,75.9
34.75,350.950000000001,48.2
455.050000000003,126.049999999999,65.6
509.450000000001,96.1499999999996,42.4
-57.5499999999993,307.75,12.4
189.650000000001,-65.8500000000004,-13
-89.8499999999985,-323.35,89.2
-120.849999999999,204.950000000001,30.5
-72.6499999999978,238.349999999999,-28.7
48.3500000000022,-374.049999999999,64.1
-47.4499999999971,-209.549999999999,103.8
169.050000000003,53.1499999999996,39.6
388.050000000003,-216.15,92.3
-27.9499999999971,-247.049999999999,65.2
-22.8499999999985,-204.15,97.1
49.1500000000015,155.15,85
52.9500000000007,142.15,189
-66.25,-12.8500000000004,116.9
52.0500000000029,101.049999999999,101.1
223.650000000001,142.950000000001,128
281.150000000001,104.65,47.9
186.050000000003,29.9500000000007,57.2
230.25,20.75,2.6
201.25,18.1499999999996,6.4
-243.649999999998,-211.549999999999,73.8
-238.649999999998,-261.950000000001,25.8
68.75,19.5499999999993,74.6
36.8500000000022,30.3500000000004,123.4
32.9500000000007,-12.0499999999993,86.1
42.75,5.85000000000036,58.9
-52.6499999999978,83.6499999999996,55.7
-65.25,16.0499999999993,183.8
-33.1499999999978,225.650000000001,89.7
-181.549999999999,2.54999999999927,63.1
-169.75,145.65,30
242.950000000001,235.650000000001,77.9
-38.25,-209.450000000001,83
-33.4499999999971,-310.15,38.1
103.350000000002,246.049999999999,-6.6
111.450000000001,-193.549999999999,-26.3
260.25,358.549999999999,80.5
232.850000000002,185.549999999999,29.9
-137.649999999998,-283.35,5.7
277.850000000002,3.85000000000036,47.7
-94.6499999999978,-250.75,42.9
270.75,-9.04999999999927,54.1
291.550000000003,14.5499999999993,59
295.050000000003,30.25,44.9
293.850000000002,43.3500000000004,123.6
251.850000000002,40.1499999999996,54.3
310.25,14.25,48
-24.0499999999993,173.75,-25.7
-201.849999999999,-417.25,4.1
-192.149999999998,-413.15,43.6
-321.049999999999,-253.35,-20.2
-299.75,-266.950000000001,27.5
-280.649999999998,53.25,51.6
137.550000000003,-248.950000000001,104
248.350000000002,-193.75,37.6
-7.75,201.150000000001,86.1
9.95000000000073,229.849999999999,56.8
1.55000000000291,234.349999999999,104.3
-17.3499999999985,196.950000000001,82.4
-11.3499999999985,197.25,60.8
-36.4499999999971,189.950000000001,58.6
-48.9499999999971,180.950000000001,90.5
-38.8499999999985,181.25,113.3
-28.9499999999971,203.450000000001,79.8
-51.8499999999985,198.349999999999,95.1
-74.9499999999971,-117.15,172.1
-95.5499999999993,-45.75,137.4
-24.6499999999978,-151.049999999999,181.8
18.25,169.450000000001,20.4
40.3500000000022,179.75,22.2
24.9500000000007,203.349999999999,15.3
241.75,205.150000000001,-38.8
266.350000000002,225.150000000001,2.9
382.25,246.049999999999,50.1
129.850000000002,-459.549999999999,-12.5
276.050000000003,210.849999999999,-50.7
296.75,172.65,-45.7
297.350000000002,177.35,27.8
255.650000000001,170.15,-58.1
-17.3499999999985,-22.1499999999996,141.1
-335.949999999997,-53.8500000000004,-0.5
-161.149999999998,138.75,48.8
-100.449999999997,160.15,25.5
-122.75,164.85,-32.7
-226.849999999999,90.3500000000004,98
-203.75,139.65,56.3
-210.349999999999,113.549999999999,35.7
-236.949999999997,121.75,30.1
-247.25,135.25,45.6
-310.849999999999,-75.5499999999993,92
-306.049999999999,-108.65,82.2
-338.649999999998,-103.35,45.6
-273.049999999999,-40.4500000000007,21.2
-260.75,-43.75,115.6
-263.349999999999,138.85,19.3
-66.5499999999993,-128.049999999999,97.9
-87.3499999999985,-49.3500000000004,105.4
-55.3499999999985,52.0499999999993,122.3
-5.94999999999709,49.25,84.1
-56.0499999999993,104.450000000001,63.2
-102.25,99.6499999999996,82.9
-90.1499999999978,104.15,47.6
-91.5499999999993,40.5499999999993,103.9
-76.25,85.6499999999996,79.1
-78.1499999999978,86.75,52.2
-109.849999999999,156.950000000001,92.9
-134.449999999997,141.85,18
-80.1499999999978,170.85,35
-45.5499999999993,-360.25,43.2
-160.25,-387.549999999999,150.4
-169.849999999999,305.349999999999,-67.3
-69.3499999999985,282.75,2.2
-89.8499999999985,250.950000000001,24.3
-116.849999999999,338.049999999999,-49.3
-175.449999999997,345.349999999999,-78.8
338.75,-194.35,65.7
201.450000000001,241.25,-34.2
-257.049999999999,-19.4500000000007,64.3
-74.5499999999993,-43.6499999999996,132.4
108.650000000001,94.8500000000004,49.8
81.4500000000007,76.3500000000004,2.5
342.650000000001,-79.5499999999993,58.5
-329.849999999999,-245.549999999999,55.5
-331.049999999999,-234.450000000001,27.7
-328.849999999999,-241.049999999999,9.4
-165.849999999999,-262.15,30.8
-141.75,131.35,140.1
-237.449999999997,7.85000000000036,251.2
214.75,60.9500000000007,109.4
-10.8499999999985,247.150000000001,36.1
206.050000000003,-88.6499999999996,3.6
226.650000000001,-123.65,-20.5
238.050000000003,-128.15,-32.2
241.950000000001,-120.15,-46.4
-47.25,441.549999999999,64.5
-171.949999999997,183.25,31.1
-162.449999999997,183.549999999999,5.5
257.75,-65.1499999999996,-44.2
71.1500000000015,-158.35,-20.9
-239.149999999998,-1.75,14.1
-296.949999999997,-35.5499999999993,-25.6
-171.75,117.15,58.9
-173.049999999999,22.4500000000007,188.1
72.3500000000022,101.049999999999,128.7
101.350000000002,94.3500000000004,163.9
103.450000000001,83.6499999999996,170.1
127.25,139.549999999999,70.8
89.8500000000022,11.4500000000007,66.3
302.150000000001,60.8500000000004,131.8
-47.6499999999978,197.849999999999,96.3
-221.25,68.8500000000004,184.6
67.3500000000022,40.4500000000007,156.6
56.8500000000022,-395.35,74.3
-151.649999999998,104.950000000001,-8.9
87.9500000000007,-158.549999999999,-3.2
233.75,73.1499999999996,-21.7
193.25,11.25,40.4
263.450000000001,-89.4500000000007,40.1
252.650000000001,-83.3500000000004,-23.2
-29.3499999999985,401.950000000001,31.5
7.85000000000218,44.0499999999993,14.1
68.4500000000007,-230.35,-14.7
75.3500000000022,-179.450000000001,19.8
81.3500000000022,-183.65,23.5
-116.449999999997,103.75,100
-187.149999999998,53.75,82.2
-240.949999999997,65.9500000000007,62.1
-220.75,92.3500000000004,68.7
217.75,75.8500000000004,12.7
133.050000000003,-378.25,43.1
-302.149999999998,57.6499999999996,72.9
-185.25,-20.25,125.4
229.450000000001,241.049999999999,47.9
207.050000000003,43.75,123
204.550000000003,-157.950000000001,-34.7
174.350000000002,-127.049999999999,15.4
162.550000000003,5.04999999999927,77.7
145.350000000002,198.75,136.1
337.75,76.0499999999993,118
-192.349999999999,118.65,93.8
-113.75,48.4500000000007,87.5
-235.549999999999,-129.049999999999,-34.8
274.350000000002,137.65,9.5
298.950000000001,127.25,53.2
265.850000000002,127.65,78.2
298.950000000001,165.049999999999,85.2
-148.149999999998,-110.35,-57.4
26.8500000000022,226.849999999999,139
6.55000000000291,184.549999999999,39.9
-238.049999999999,-163.049999999999,92.9
-213.149999999998,-187.450000000001,59.6
-174.049999999999,-140.75,-59.7
-98.0499999999993,-76.4500000000007,16.3
-129.25,10.0499999999993,59.4
-188.449999999997,12.8500000000004,40.6
-125.75,-3.64999999999964,85.7
-206.849999999999,29.25,80.5
-330.25,205.950000000001,37
-328.449999999997,147.049999999999,60.9
-134.349999999999,33.25,74.4
-296.449999999997,76.0499999999993,56.9
-119.949999999997,-355.950000000001,120.9
281.950000000001,-129.65,29.5
375.150000000001,201.25,-12.7
-257.049999999999,225.450000000001,56
-224.649999999998,248.950000000001,87.8
175.150000000001,-448.549999999999,11.8
126.350000000002,-404.549999999999,30
192.450000000001,-194.85,128.8
191.150000000001,-201.75,115.7
-123.449999999997,176.25,67.5
-258.649999999998,-432.15,26.8
-110.25,-299.049999999999,56.6
60.25,235.25,165.2
43.8500000000022,-215.450000000001,122.3
84.8500000000022,-132.15,31.6
310.150000000001,-105.450000000001,157.7
160.25,307.049999999999,135.5
219.450000000001,237.25,120.2
204.450000000001,-342.65,85.2
194.050000000003,-336.35,51.3
-228.049999999999,-280.450000000001,-48
-303.549999999999,-309.549999999999,-40.8
-245.25,-322.15,-49.5
217.550000000003,330.450000000001,141.6
-38.75,-238.25,18.3
-34.25,-257.75,16.3
-10.3499999999985,-130.450000000001,69.3
-194.949999999997,-259.75,-106.9
-170.75,-257.35,-70
-164.849999999999,-264.950000000001,-12.9
-136.949999999997,-326.25,14.5
24.8500000000022,86.75,136.7
5.55000000000291,-123.65,52
88.4500000000007,-233.549999999999,80.3
135.850000000002,-206.450000000001,64.3
34.0500000000029,-185.75,76.9
292.150000000001,273.650000000001,64.7
264.350000000002,288.450000000001,-5.8
-167.049999999999,360.849999999999,-87.5
-245.949999999997,108.85,58.7
114.050000000003,288.450000000001,63.7
53.75,-31.25,135.7
-99.8499999999985,-51.4500000000007,69.4
36.6500000000015,-70.9500000000007,-41.1
-228.649999999998,-53.6499999999996,103.7
-329.949999999997,46.0499999999993,67.3
101.150000000001,215.849999999999,165.3
-109.25,142.35,174.5
194.850000000002,53.4500000000007,147.5
70.25,241.450000000001,95
58.1500000000015,299.450000000001,128.4
75.6500000000015,-297.15,29.5
48.1500000000015,-252.450000000001,-8.8
344.450000000001,272.75,1
383.350000000002,311.75,-14.5
361.25,307.450000000001,-30.4
-37.75,-108.450000000001,49
203.050000000003,166.35,48.6
142.350000000002,-357.25,77.3
190.950000000001,57.5499999999993,-48.7
164.350000000002,97.5499999999993,-11.2
-239.949999999997,-385.049999999999,123.2
396.450000000001,-159.35,-7.4
436.950000000001,-124.950000000001,5.8
409.850000000002,-191.450000000001,70.3
133.650000000001,-322.65,0.6
122.650000000001,-386.15,19.2
-14.1499999999978,-171.25,65.1
-276.549999999999,-98.75,1.9
18.1500000000015,-216.049999999999,18.3
-26.25,-283.549999999999,99.1
-310.149999999998,-221.049999999999,91
196.75,-348.950000000001,55.8
185.75,-350.85,54.1
-90.75,-252.25,2.5
-0.549999999999272,-274.15,11
283.150000000001,246.549999999999,63.2
286.550000000003,275.049999999999,52.1
-255.049999999999,-381.25,-71.6
-231.649999999998,-331.950000000001,-21.8
-383.949999999997,177.85,57.7
293.650000000001,288.650000000001,66.4
271.850000000002,233.650000000001,18.4
292.25,232.650000000001,29.3
72.3500000000022,74.9500000000007,81.7
95.1500000000015,74.1499999999996,111.8
364.050000000003,-25.6499999999996,154.8
334.450000000001,-12.0499999999993,24.8
121.650000000001,-93.6499999999996,144.9
-84.8499999999985,353.450000000001,0.6
460.450000000001,-193.15,3.2
-124.549999999999,-326.15,-15.2
-25.1499999999978,-82.9500000000007,-19.7
193.050000000003,-128.85,50.2
-105.349999999999,6.04999999999927,3.3
-135.149999999998,-4.54999999999927,32.9
-194.849999999999,83.9500000000007,36.2
11.1500000000015,117.65,135.1
-72.9499999999971,-12.75,57.8
144.150000000001,-175.35,19.9
146.25,-188.85,53.7
125.450000000001,-152.25,86.2
61.75,-190.35,24.9
-124.049999999999,-314.35,1.3
-112.549999999999,-485.75,-40.4
-111.349999999999,-389.049999999999,-58.4
-151.149999999998,286.450000000001,-30.2
-184.849999999999,-83.8500000000004,14.5
-286.149999999998,-97.1499999999996,12
-361.449999999997,-131.75,40
67.5500000000029,325.25,-39.6
145.25,144.65,42.8
-23.0499999999993,263.25,89.3
10.4500000000007,-367.75,-18.6
34.9500000000007,-369.35,-18.9
174.350000000002,60.0499999999993,-41.5
185.850000000002,58.6499999999996,-33.8
225.950000000001,76.9500000000007,-7
210.25,-63.5499999999993,51.8
194.050000000003,-130.950000000001,13.7
171.050000000003,-119.049999999999,17
98.1500000000015,46.6499999999996,77.7
-204.449999999997,-291.450000000001,9.4
-302.049999999999,74.0499999999993,44.9
198.850000000002,344.950000000001,15.2
-61.0499999999993,-15.1499999999996,131.4
85.0500000000029,131.950000000001,113
32.0500000000029,353.450000000001,35.4
38.1500000000015,305.75,72.5
-43.6499999999978,360.049999999999,102.3
-81.9499999999971,-418.15,127.1
-78.25,-442.35,66.3
-31.25,-407.15,122.8
-27.4499999999971,-415.85,57.7
312.25,303.450000000001,53.4
326.150000000001,233.25,51.3
190.850000000002,261.549999999999,-21.5
151.150000000001,298.150000000001,0.4
-343.75,-199.15,-14.2
189.350000000002,125.950000000001,74
-267.149999999998,115.049999999999,-10.5
-223.549999999999,102.65,-3.1
-230.649999999998,78.25,14.1
96.75,-283.85,43.8
74.8500000000022,-285.450000000001,20.1
-360.449999999997,172.15,17.8
-347.849999999999,-52.3500000000004,65.6
-89.25,270.650000000001,105.2
144.350000000002,-170.25,156.1
180.75,-113.75,145.3
151.25,-102.75,136.7
163.850000000002,-142.950000000001,158.4
125.850000000002,-154.15,140
276.75,113.049999999999,159.9
-45.25,129.35,1.8
-39.0499999999993,90.4500000000007,65.1
130.75,159.85,164.2
154.050000000003,146.950000000001,98.1
-57.8499999999985,-188.15,-12.1
3.55000000000291,-147.549999999999,16.1
-69.8499999999985,-184.25,-52.6
-37.4499999999971,-188.85,39.8
74.9500000000007,-327.15,62.4
50.9500000000007,-324.549999999999,108.1
65.0500000000029,-315.950000000001,190.9
7.95000000000073,-367.549999999999,79.5
-21.1499999999978,-325.950000000001,74.1
54.5500000000029,-282.549999999999,115.6
62.1500000000015,-358.950000000001,106.2
77.8500000000022,-279.25,68.7
111.25,-0.649999999999636,163.4
116.350000000002,-8.75,135.6
25.0500000000029,-286.049999999999,165
50.4500000000007,-10.25,40.5
486.550000000003,-62.3500000000004,20
325.75,-82.1499999999996,50.9
-35.8499999999985,139.450000000001,88.1
-415.349999999999,-151.950000000001,31.9
-151.549999999999,-349.25,47.2
297.150000000001,238.549999999999,34.1
285.850000000002,271.25,35.9
-150.349999999999,-368.049999999999,2.9
-0.0499999999992724,51.1499999999996,150.3
-328.25,42.0499999999993,92.7
-83.25,219.25,-2.9
316.650000000001,113.85,63.8
243.75,153.35,23.7
321.950000000001,180.35,101.9
221.25,162.049999999999,105.6
177.550000000003,-74.3500000000004,-11.3
211.950000000001,-60.8500000000004,-9.6
-225.849999999999,60.75,41.6
334.450000000001,-82.1499999999996,-59.3
-86.5499999999993,119.15,10.6
-131.75,132.950000000001,-46.2
-70.8499999999985,280.450000000001,97.2
-10.1499999999978,-73.5499999999993,193.2
-290.25,111.85,165.9
-303.349999999999,53.5499999999993,5.2
-294.949999999997,65.5499999999993,36.4
-334.949999999997,50.4500000000007,67.8
-301.949999999997,58.75,38.6
-196.149999999998,181.25,111.6
-193.649999999998,160.549999999999,107.5
-124.75,205.849999999999,169.3
-165.449999999997,167.950000000001,114
-156.149999999998,145.049999999999,179.4
-186.449999999997,167.049999999999,40.4
43.1500000000015,-199.049999999999,229.1
162.950000000001,101.450000000001,80.4
-1.94999999999709,-135.65,61
-76.3499999999985,-366.450000000001,31.3
-95.9499999999971,-333.450000000001,15.7
212.25,-4.14999999999964,96.9
178.75,-10.6499999999996,149
110.150000000001,-112.15,19.7
124.950000000001,-61.4500000000007,50.2
45.25,-133.35,54
-35.4499999999971,-103.15,67.9
-196.649999999998,-103.049999999999,158.4
160.950000000001,-162.75,35.2
294.25,-366.75,77.8
-57.8499999999985,111.85,133.8
-322.75,41.4500000000007,34.4
-304.75,67.25,62.8
-317.649999999998,-9.64999999999964,15.2
137.650000000001,-152.549999999999,13.1
111.350000000002,-137.450000000001,67
128.550000000003,-133.75,8.5
186.450000000001,-56.9500000000007,16.8
10.0500000000029,26.6499999999996,47.2
31.0500000000029,72.6499999999996,32.4
-70.4499999999971,-202.85,100.6
106.550000000003,72.5499999999993,73.1
177.550000000003,-37.1499999999996,6
206.950000000001,-118.549999999999,5.3
306.850000000002,-25.1499999999996,-0.4
109.150000000001,-90.6499999999996,9.9
94.8500000000022,-62.3500000000004,-1.2
-233.649999999998,-17.5499999999993,23.6
79.1500000000015,219.450000000001,39.4
350.850000000002,8.75,-11.2
393.050000000003,43.8500000000004,39.5
344.650000000001,-0.649999999999636,-19.2
102.75,126.85,175.7
81.4500000000007,166.35,46.3
196.850000000002,213.75,11.2
215.550000000003,238.450000000001,-21.7
-181.049999999999,-309.950000000001,68.8
-24.1499999999978,-76.3500000000004,154.5
-200.349999999999,336.75,23.6
225.850000000002,-221.950000000001,3.8
255.850000000002,241.650000000001,36
58.6500000000015,-37.4500000000007,141.2
-182.149999999998,-231.049999999999,-92.7
-197.25,-43.5499999999993,-37.8
-152.149999999998,-17.5499999999993,-36.6
-162.149999999998,-13.25,-8.7
20.1500000000015,-84.4500000000007,184.1
-424.549999999999,-27.75,22.3
-408.849999999999,-46.9500000000007,12.6
-406.149999999998,-36.8500000000004,36.5
-32.0499999999993,199.950000000001,30.7
16.9500000000007,221.150000000001,11.3
88.4500000000007,-175.65,41.8
113.050000000003,-99.1499999999996,-23.9
149.050000000003,-142.75,60.3
162.75,-111.15,32.5
-39.8499999999985,-334.950000000001,2.6
24.3500000000022,-211.65,53.1
-3.94999999999709,199.75,19
-73.1499999999978,-106.25,2.6
79.3500000000022,-451.15,-11.9
53.5500000000029,-458.25,-64.1
17.75,-475.35,-53.5
106.950000000001,224.75,-36.3
-25.25,-173.950000000001,125.5
189.050000000003,273.049999999999,-3.4
217.350000000002,249.950000000001,-39.3
-135.149999999998,124.75,120.4
-160.649999999998,113.85,-2.4
-155.649999999998,100.450000000001,110.3
-164.649999999998,24.75,152.6
-178.349999999999,-291.25,-30.7
102.75,-221.65,14.4
350.650000000001,-165.65,99.6
-219.449999999997,-49.75,225.7
91.3500000000022,188.75,-23
117.150000000001,259.950000000001,-18.6
140.450000000001,298.25,10.6
131.75,199.75,7.1
-332.949999999997,282.25,106.5
-357.149999999998,323.450000000001,42.1
45.25,128.85,0
83.8500000000022,10.1499999999996,78.5
-6.25,-29.4500000000007,18
-77.4499999999971,-46.25,58
14.1500000000015,-73.75,6.2
176.350000000002,-185.549999999999,150.3
215.650000000001,-158.75,120.5
238.75,-268.450000000001,95.5
-250.25,-116.950000000001,29.8
-288.549999999999,-139.450000000001,48
-300.849999999999,-136.35,58.8
-271.149999999998,-112.85,30.6
-288.25,-175.15,29.6
-259.649999999998,-117.049999999999,81.7
-223.949999999997,-134.049999999999,59.7
10.5500000000029,139.85,150.9
-0.75,94.75,141.7
-31.25,118.950000000001,129.7
152.850000000002,192.549999999999,112.4
130.150000000001,165.75,57
203.050000000003,-398.950000000001,2.4
179.75,-458.15,-49.8
40.6500000000015,-410.15,104.7
218.850000000002,225.049999999999,-32.7
279.550000000003,216.950000000001,-45.3
221.450000000001,173.049999999999,23
224.350000000002,205.25,17.4
117.650000000001,69.6499999999996,37.5
-196.649999999998,76.1499999999996,178.8
-173.949999999997,33.8500000000004,60.2
-155.949999999997,61.0499999999993,70.5
-182.849999999999,49.75,105.8
-198.349999999999,101.049999999999,115.4
-179.449999999997,77.1499999999996,71.8
236.75,-241.950000000001,-26.3
186.950000000001,-235.75,66.4
-164.849999999999,-192.65,81.3
41.1500000000015,214.950000000001,-48.6
259.350000000002,222.549999999999,51.9
-365.949999999997,-324.15,-6.7
-342.049999999999,-194.85,49.7
-296.25,-196.75,35.9
66.25,-343.25,14.9
72.25,-305.75,23.8
56.4500000000007,-212.75,21.3
39.8500000000022,-228.15,-38.8
92.25,-245.450000000001,15.5
-10.1499999999978,-116.35,160.7
-186.149999999998,-309.549999999999,-2.8
-435.549999999999,-151.75,75.6
134.850000000002,93.4500000000007,125.7
54.6500000000015,-125.15,-42.1
75.9500000000007,-132.35,33.3
-199.849999999999,-55.1499999999996,89.5
-179.949999999997,-233.450000000001,55.8
498.850000000002,42.4500000000007,-87.8
310.850000000002,300.75,-12.3
-23.6499999999978,93.5499999999993,63.5
-174.849999999999,149.15,24.5
-178.349999999999,170.65,-9.2
-160.049999999999,108.85,22.1
-149.049999999999,134.15,15.8
-320.649999999998,58.1499999999996,11.3
-47.75,367.75,38.6
-75.6499999999978,323.849999999999,58.6
62.4500000000007,-354.25,-42
-304.25,129.25,71.2
232.150000000001,253.75,-14.2
224.350000000002,353.849999999999,98.3
212.75,317.450000000001,81.2
212.25,243.150000000001,9.8
211.050000000003,207.549999999999,34.2
197.450000000001,286.75,0.7
215.450000000001,263.450000000001,52.9
-298.449999999997,-281.15,-38.2
62.6500000000015,41.5499999999993,163.5
56.3500000000022,51.5499999999993,121.1
302.650000000001,-115.549999999999,34.1
228.25,-282.049999999999,47.7
242.050000000003,-266.15,24
104.150000000001,-670.15,-33.4
-38.75,-437.65,-43.1
-466.049999999999,86.9500000000007,10.1
243.850000000002,-257.65,-10.8
-458.049999999999,108.450000000001,-36.7
-146.449999999997,202.650000000001,-45.4
-195.849999999999,104.85,100.6
73.1500000000015,-243.25,58.2
140.550000000003,-341.450000000001,67.8
243.950000000001,-585.950000000001,69.1
-110.649999999998,9.85000000000036,178.2
-140.549999999999,-170.549999999999,3
-114.149999999998,-160.65,24.3
117.550000000003,57.5499999999993,254.7
237.25,-24.9500000000007,-5.9
256.75,2.35000000000036,-68.8
-131.449999999997,-186.950000000001,33.5
-154.549999999999,-196.65,93.7
-164.349999999999,-256.65,70
-104.849999999999,-267.75,63
-39.1499999999978,88.25,169.3
89.3500000000022,26.8500000000004,234
206.25,-59.5499999999993,170.1
-140.949999999997,-26.5499999999993,122.1
273.550000000003,-119.75,43.9
217.150000000001,-1.14999999999964,94
-178.149999999998,-276.049999999999,51.1
-140.449999999997,-47.25,95.4
-108.949999999997,42.5499999999993,96.8
-194.349999999999,168.15,10.4
-428.149999999998,79.75,-5.4
-259.149999999998,116.950000000001,-8.4
-234.75,134.450000000001,-2
-61.75,-280.75,54.9
177.450000000001,-135.85,152.4
196.650000000001,-122.950000000001,117.1
-64.5499999999993,38.25,185.2
64.6500000000015,158.25,43
-165.049999999999,88.9500000000007,144.2
-173.149999999998,163.450000000001,136.4
-96.6499999999978,29.25,71.6
-115.549999999999,30.6499999999996,118.5
-410.049999999999,-1.54999999999927,60.2
-405.75,6.64999999999964,43.7
-16.25,-241.15,82.9
-6.94999999999709,-242.950000000001,69.3
342.850000000002,-196.25,84
95.9500000000007,-145.450000000001,61.5
159.75,-185.35,138.3
191.450000000001,-166.25,73.8
197.850000000002,-153.25,72.9
190.950000000001,-173.049999999999,114.8
322.75,230.349999999999,37.1
112.850000000002,15.4500000000007,61.2
327.450000000001,-19.9500000000007,83.2
51.6500000000015,182.15,13.7
227.75,63.0499999999993,29.4
69.8500000000022,134.049999999999,3.6
-135.449999999997,117.049999999999,18.3
213.450000000001,296.950000000001,-76
-203.049999999999,-260.450000000001,56
-120.449999999997,-344.049999999999,-15.6
-88.4499999999971,-146.950000000001,-17.4
280.650000000001,105.15,-15.2
-158.149999999998,-129.049999999999,24.2
78.8500000000022,-534.15,-74
87.9500000000007,-489.950000000001,-70.3
-343.049999999999,154.049999999999,-36.8
-71.1499999999978,-165.25,35.2
-69.75,-187.25,48.9
-54.8499999999985,-178.65,57.5
-85.6499999999978,-158.049999999999,84
-76.0499999999993,-164.15,41.3
-85.0499999999993,-153.25,29.5
-93.0499999999993,-204.85,43.6
-28.25,-161.049999999999,9.9
-53.6499999999978,-117.25,14.6
-79.4499999999971,-205.049999999999,37.7
-106.649999999998,-132.950000000001,-7.4
-109.449999999997,-150.25,73.4
-88.8499999999985,-188.35,-1.3
-108.25,-153.75,115.4
-53.75,-130.049999999999,-13.1
-334.949999999997,-68.3500000000004,138.3
-181.849999999999,-283.25,41.6
62.8500000000022,-332.25,43.7
16.9500000000007,-281.549999999999,44
151.650000000001,76.9500000000007,12.9
144.550000000003,144.65,-12.7
-169.349999999999,99.1499999999996,-85.3
-291.149999999998,209.75,71.4
-182.049999999999,231.25,-36.7
-131.849999999999,69.25,131
-94.4499999999971,-20.4500000000007,143.9
-154.049999999999,37.3500000000004,112.3
-101.149999999998,82.3500000000004,112.6
-197.849999999999,105.75,174.4
-119.649999999998,-171.450000000001,-81.4
8.25,-183.35,-11.8
-34.5499999999993,-219.049999999999,12.8
78.1500000000015,-221.049999999999,8.4
-319.75,46.5499999999993,-25
330.150000000001,-256.85,4.9
13.3500000000022,29.9500000000007,-5.7
-8.34999999999854,32.6499999999996,60.6
-53.5499999999993,98.25,-3.6
-279.849999999999,18.3500000000004,3.9
-18.75,24.6499999999996,143.9
-28.1499999999978,-271.15,-51.3
-110.149999999998,139.25,141.8
-368.949999999997,-176.450000000001,17.3
208.550000000003,334.549999999999,-63.1
272.550000000003,330.950000000001,-9.2
304.25,339.849999999999,10.6
-58.0499999999993,64.1499999999996,-34.9
-307.449999999997,156.450000000001,58
251.150000000001,245.150000000001,15.9
318.25,251.849999999999,-15
305.050000000003,258.150000000001,-25.7
303.350000000002,271.349999999999,-21.6
100.650000000001,-97.75,39.8
62.8500000000022,-172.65,52.7
54.5500000000029,-198.450000000001,51
44.4500000000007,-264.049999999999,32.1
113.050000000003,-177.450000000001,-0.8
53.9500000000007,-27.3500000000004,14.3
-446.049999999999,-90.25,-56.4
-57.6499999999978,-149.65,35.2
114.25,232.349999999999,52.6
113.650000000001,223.849999999999,14.4
117.050000000003,180.450000000001,37
52.8500000000022,131.049999999999,117.1
41.3500000000022,144.049999999999,192.4
61.9500000000007,135.85,134.4
-68.4499999999971,180.65,31.9
-67.75,193.25,16.1
199.850000000002,136.049999999999,28.7
275.850000000002,87.75,-8.9
267.950000000001,222.75,29
238.050000000003,226.75,-8.4
49.8500000000022,339.450000000001,59.9
56.6500000000015,-194.25,6.2
403.550000000003,374.450000000001,21.6
-143.949999999997,30.3500000000004,177.1
75.75,-472.549999999999,-43.6
164.050000000003,23.6499999999996,53.2
156.650000000001,105.549999999999,110.1
166.950000000001,43.25,73.1
247.050000000003,118.450000000001,71.5
231.950000000001,-266.75,29
239.25,332.450000000001,48.3
-86.4499999999971,67.6499999999996,-9.7
400.450000000001,233.349999999999,4.7
184.150000000001,-258.25,-86.8
-169.549999999999,-196.65,-27.3
-83.5499999999993,-162.549999999999,-114.1
-115.149999999998,-187.549999999999,-93.9
50.3500000000022,-212.65,-14.7
-16.25,-106.65,-72.7
-37.6499999999978,-49.3500000000004,-63.4
-63.6499999999978,-42.25,-47.5
-51.3499999999985,-62.8500000000004,-39.7
-102.049999999999,7.35000000000036,-107.6
-214.25,192.15,140.1
232.150000000001,362.049999999999,-15.5
153.850000000002,210.450000000001,-26.4
-72.3499999999985,204.650000000001,-79.8
-35.4499999999971,262.650000000001,-65.5
0.75,304.549999999999,23.1
13.9500000000007,304.349999999999,27.1
72.4500000000007,357.25,12.7
61.9500000000007,374.150000000001,37.2
97.4500000000007,470.75,196.9
129.350000000002,448.849999999999,42.4
111.350000000002,375.049999999999,32.9
145.75,-103.25,17.5
54.0500000000029,225.150000000001,41.7
-218.949999999997,-376.450000000001,35.7
-16.4499999999971,-91.3500000000004,52.8
149.450000000001,201.450000000001,144
-339.549999999999,-225.950000000001,-130
-191.049999999999,-313.75,-59.4
-236.949999999997,-243.450000000001,-32.3
-271.849999999999,-270.75,22.7
136.850000000002,-211.15,52.9
-242.349999999999,-171.75,-4.2
-190.149999999998,-163.25,46.2
-145.949999999997,-108.549999999999,25.4
-145.549999999999,-147.950000000001,36.5
-169.949999999997,-129.15,69.1
-146.849999999999,-133.75,33.1
-116.25,-151.85,55.2
-241.949999999997,-105.75,-85.2
-350.25,-44.3500000000004,7
-187.149999999998,-315.15,-62.6
156.950000000001,-203.85,-10
46.5500000000029,-223.950000000001,-15.5
168.950000000001,-224.049999999999,41.8
123.75,-127.25,131.9
-30.6499999999978,202.849999999999,-35.3
-200.25,-251.85,-70.5
114.150000000001,-138.75,-24.6
32.3500000000022,12.0499999999993,-49
-211.75,-41.9500000000007,52.5
-131.75,30.6499999999996,74.9
-151.649999999998,112.15,82.3
-174.549999999999,49.25,31
-261.049999999999,197.049999999999,76
24.1500000000015,252.150000000001,34.5
-264.149999999998,252.549999999999,-43.6
-229.649999999998,-13.25,0.4
-160.949999999997,-6.75,-58
64.1500000000015,238.849999999999,24.4
237.350000000002,-251.65,47.2
266.650000000001,131.049999999999,18.3
181.150000000001,104.85,-6.1
120.450000000001,-309.65,-14.1
143.850000000002,-169.25,35.7
136.450000000001,-226.85,66.6
197.650000000001,444.549999999999,-8.1
143.25,-85.1499999999996,59.2
-456.949999999997,236.650000000001,-114
21.25,-170.450000000001,150
-461.049999999999,101.15,-53.7
-453.349999999999,80.6499999999996,-11.8
-7.14999999999782,36.4500000000007,-106.2
224.050000000003,304.049999999999,-3.6
-37.1499999999978,407.049999999999,-29.8
-63.1499999999978,430.75,-0.3
177.75,-230.65,-46.1
122.850000000002,-271.549999999999,-63.1
-261.049999999999,-43.1499999999996,-55.3
-209.849999999999,-37.3500000000004,-17.8
-236.049999999999,-13.1499999999996,7
-187.049999999999,-447.65,-76.8
-235.349999999999,-419.549999999999,-0.1
-1.75,-29.75,76.5
-109.949999999997,-87.3500000000004,12
-3.84999999999854,-208.15,53
-70.4499999999971,-127.950000000001,31.3
-55.1499999999978,-106.049999999999,50.6
-33.6499999999978,-161.25,6.1
-43.5499999999993,-214.450000000001,46.7
-148.149999999998,-105.15,182.8
255.850000000002,-5.75,20.2
-198.75,-42.5499999999993,67.4
82.5500000000029,-272.450000000001,55.1
24.1500000000015,-321.35,19.2
30.4500000000007,-265.75,24.1
32.9500000000007,-272.450000000001,55.3
17.1500000000015,-260.75,122.9
219.550000000003,246.849999999999,-46.7
-235.149999999998,135.549999999999,-42.4
-259.849999999999,95.1499999999996,-23.1
-239.849999999999,73.8500000000004,153.4
-180.449999999997,116.85,272.2
-71.4499999999971,130.65,7.3
-221.149999999998,131.75,-56.4
-159.049999999999,165.65,-66.7
136.350000000002,142.450000000001,29.5
290.450000000001,202.349999999999,35
275.75,189.35,46.4
128.050000000003,141.85,11.9
115.850000000002,-54.25,31.9
44.1500000000015,86.5499999999993,153
