[0.43939394 0.66818182 0.46590909 0.56818182 0.27272727 0.33636364
 0.5        0.82575758 0.76515152 0.60064935 0.66761364 0.44318182
 0.71590909 0.67897727 0.79090909 0.375      0.53181818 0.54545455
 0.40909091 0.78977273 1.         0.85795455 0.36363636 0.29545455
 0.72727273 0.5        0.06818182 0.94318182 0.125      0.49772727
 0.57272727 0.35909091 0.32954545 0.45454545 0.13636364 0.44602273
 0.6038961  0.78409091 0.81534091 0.57792208 0.53181818 0.61818182
 0.51136364 0.39545455 0.41477273]
[0.54815864 0.38243626 0.56798867 0.3796034  0.59065156 0.50283286
 0.5325779  0.44475921 0.55382436 0.78611898 0.83286119 0.73229462
 1.         1.         0.89660057 0.88385269 0.98016997 0.86685552
 0.50991501 0.46600567 0.38668555 0.41961756 0.39660057 0.43673277
 0.28328612 0.19830028 0.33994334 0.36402266 0.42209632 0.34151715
 0.65014164 0.54674221 0.76062323 0.37677054 0.65580737 0.94759207
 0.74220963 0.92634561 0.7407932  0.68413598 0.35410765 0.56090652
 0.73937677 0.601983   0.20639417]
[0.02142857 0.12857143 0.12857143 0.45       0.52857143 0.37142857
 0.23571429 0.29464286 0.42857143 0.47142857 0.44285714 0.57857143
 0.47142857 0.73928571 0.45       0.34714286 0.29642857 0.47142857
 0.16428571 0.27857143 0.15       0.         0.02142857 0.23571429
 0.12857143 0.21428571 0.         0.         0.12857143 0.62142857
 0.64285714 0.02142857 0.55928571 0.32571429 0.66964286 0.66428571
 0.6        0.39375    1.         0.1875     0.48571429 0.
 0.33214286 0.17142857 0.        ]
[0.62803235 0.65408805 0.75157233 0.75471698 0.25471698 0.70566038
 0.42767296 0.25786164 0.51415094 0.87421384 0.78301887 0.41320755
 0.7509434  0.42830189 0.52201258 0.65408805 0.86981132 0.79454927
 0.70125786 0.52201258 0.20377358 0.41509434 0.33584906 0.66037736
 0.82075472 0.43396226 0.97169811 0.6490566  0.35220126 0.49685535
 0.47169811 0.55896226 0.33207547 0.77358491 0.70754717 0.74528302
 0.24764151 0.76226415 0.77358491 0.65471698 1.         0.44339623
 0.26415094 0.75471698 0.58867925]
[0.64608434 0.88253012 0.76957831 0.40327979 0.64759036 0.69277108
 0.43674699 0.2936747  0.38704819 0.60993976 0.85993976 0.43005355
 0.57078313 0.68072289 0.53547523 0.97439759 0.88554217 0.49483649
 1.         0.89457831 0.73493976 0.57831325 0.82379518 0.80421687
 0.87951807 0.37650602 0.52710843 0.59337349 0.39658635 0.46256454
 0.38215361 0.58170181 0.35240964 0.43373494 0.50451807 0.37349398
 0.48192771 0.74849398 0.87048193 0.56174699 0.76506024 0.83885542
 0.60391566 0.69728916 0.71385542]
[0.54679144 0.27540107 0.08912656 0.74197861 0.39067142 0.53921569
 0.5258467  0.45989305 0.85561497 0.67245989 0.61898396 0.69652406
 0.81550802 0.68582888 0.57486631 0.69385027 0.4578877  0.68716578
 0.27480689 0.48963904 0.70409982 0.45454545 0.50059418 0.29793736
 0.88502674 0.62165775 0.46027502 0.55147059 0.29411765 0.7486631
 0.3238265  0.39772727 0.3302139  0.38937166 0.34491979 0.42513369
 0.53074866 1.         0.7540107  0.3368984  0.74675325 0.59893048
 0.31491384 0.625      0.45454545]
[0.50948167 0.5676359  0.53223767 0.50316056 0.7079646  0.68015171
 0.55372946 0.39552104 0.44669195 0.60429836 0.59039191 0.44879899
 0.41972187 0.85840708 0.70164349 0.71175727 0.72187105 0.4159292
 0.54867257 0.42843096 0.68141593 0.72060683 0.3312263  0.6346397
 0.5335019  0.23072061 0.19121365 0.44500632 0.59418458 0.3088315
 0.46776233 0.35037024 0.45259166 0.42477876 0.35903919 0.40960809
 0.73072061 0.85335019 0.53223767 0.6346397  0.57648546 0.53237814
 0.47661188 1.         0.39348925]
[0.67639903 0.79075426 0.80048662 0.57664234 0.49026764 0.38442822
 0.27128954 0.47445255 0.23249527 0.50973236 0.55048662 0.5729927
 0.6946472  0.38807786 0.74209246 0.76885645 0.77128954 0.77858881
 0.6216545  0.63625304 0.74817518 0.78223844 0.67761557 0.65085158
 0.75790754 0.43552311 0.49270073 0.52798054 0.49635036 0.45498783
 0.44038929 0.47445255 0.12773723 0.32672923 0.29061909 0.58394161
 0.85036496 0.40754258 0.81751825 0.89659367 0.89172749 0.86861314
 1.         0.57542579 0.68856448]
[0.66998893 0.54748062 0.37790698 0.5620155  0.3709856  0.27777778
 0.60508183 0.5620155  0.26485788 0.53402239 0.3765227  0.37683032
 0.58866279 0.29069767 1.         0.5503876  0.87209302 0.57945736
 0.50581395 0.32299742 0.75387597 0.46124031 0.84689922 0.57170543
 0.32170543 0.40697674 0.48018949 0.57751938 0.51033592 0.51550388
 0.37144703 0.36498708 0.09689922 0.05813953 0.48255814 0.57170543
 0.50710594 0.75581395 0.3372093  0.62403101 0.57364341 0.55717054
 0.52971576 0.91472868 0.75581395]
[0.6183953  0.51439754 0.3500761  0.24787997 0.2587519  0.28235952
 0.30752027 0.66340509 0.6555773  0.52837573 0.37964775 0.56164384
 0.85322896 1.         0.77886497 0.4481409  0.79843444 0.71232877
 0.29941292 0.53033268 0.29158513 0.34572733 0.456621   0.43052838
 0.22504892 0.36937378 0.29109589 0.40117417 0.37573386 0.37377691
 0.29354207 0.29745597 0.43444227 0.43639922 0.40704501 0.65166341
 0.80234834 0.84344423 0.90410959 0.85518591 0.72798434 0.82778865
 0.19324853 0.60665362 0.41291585]
[0.35766423 0.41119221 0.23722628 0.5620438  0.22658151 0.64882401
 0.53041363 0.58394161 0.6593674  0.69221411 0.71289538 0.8296837
 1.         0.95620438 0.91727494 0.61192214 0.75425791 0.60583942
 0.40997567 0.45498783 0.34793187 0.49026764 0.26155718 0.38807786
 0.25006759 0.28345499 0.3163017  0.41484185 0.37226277 0.3892944
 0.62408759 0.78223844 0.72262774 0.72992701 0.91240876 0.80413625
 0.80656934 0.73479319 0.743309   0.57664234 0.44282238 0.38442822
 0.41605839 0.28467153 0.42335766]
[0.72260749 0.61581137 1.         0.60055479 0.61442441 0.48682386
 0.43550624 0.50346741 0.30359069 0.54785021 0.47572816 0.27739251
 0.30097087 0.64493759 0.77531207 0.74757282 0.75728155 0.71428571
 0.78918169 0.96116505 0.9445215  0.52704577 0.79056865 0.60887656
 0.77669903 0.77808599 0.37725381 0.35367545 0.33287101 0.24965326
 0.50701187 0.399137   0.35367545 0.24965326 0.19140083 0.33088964
 0.79195562 0.57004161 0.7517337  0.82385576 0.77808599 0.9556172
 0.72399445 0.62135922 0.88626907]
[0.88601645 0.72855464 0.7626322  0.76733255 0.70035253 0.69565217
 0.63572268 0.65804935 0.59459459 0.63454759 0.76380729 0.82843713
 0.70505288 0.92479436 0.94124559 0.79083431 0.83313749 0.75910693
 0.78143361 0.86486486 0.85076381 0.62279671 0.70857814 0.92714454
 0.67097532 0.60987074 0.85428907 0.81316099 0.34547591 0.67920094
 0.65922444 0.4853114  0.34547591 0.4253819  0.62632197 0.66980024
 0.84723854 1.         0.98589894 0.8907168  0.93184489 0.76615746
 0.76380729 0.98824912 0.87661575]
[0.72128637 0.79785605 0.86217458 0.70290965 0.75497703 0.68453292
 0.63859112 0.30015314 0.76722818 0.71056662 0.57427259 0.81316998
 0.6676876  0.60030628 0.78407351 0.76569678 0.87289433 0.98774885
 0.84379786 0.73966309 0.90811639 0.82235835 0.87442573 0.74578867
 0.56814701 0.70903522 0.4042879  0.48392037 0.52526799 0.63246554
 0.39663093 0.39969372 0.38591118 0.63093415 0.71822358 1.
 0.56661562 0.82388974 0.62480858 0.79632466 0.81776417 0.63705972
 0.60183767 0.83920368 0.75497703]
[0.34412581 0.20880137 0.30395137 0.27752081 0.38205365 0.39962997
 0.58649399 0.58371878 0.60037003 0.75855689 0.88899167 0.90286772
 0.86586494 0.71785384 0.84551341 0.58464385 0.59574468 0.38852914
 0.45050879 0.27104533 0.16188714 0.17972777 0.28016387 0.22972556
 0.23589269 0.14933263 0.23332305 0.39407956 0.28677151 0.59574468
 0.51248844 0.62164662 0.74098057 0.80203515 1.         0.85938945
 0.76225717 0.83626272 0.64477336 0.51341351 0.29232192 0.2839963
 0.37187789 0.30180389 0.2960222 ]
[0.74479167 0.99652778 0.59027778 0.62847222 0.64236111 0.76736111
 0.43923611 0.61458333 0.67013889 0.72743056 0.87326389 0.84722222
 0.78993056 0.72048611 0.82291667 0.87673611 0.765625   0.75520833
 0.88194444 0.69444444 0.90972222 0.66319444 0.69965278 0.55729167
 0.78993056 0.75868056 0.734375   0.50347222 0.50868056 0.33680556
 0.62326389 0.47916667 0.75173611 0.64583333 0.72048611 0.99479167
 0.77256944 0.88888889 0.73090278 0.85069444 1.         0.77083333
 0.71006944 0.63715278 0.65972222]
[0.9065534  0.77669903 0.57281553 0.86650485 0.66868932 0.75728155
 0.73907767 0.73907767 0.59708738 0.7184466  0.77427184 0.89684466
 0.82160194 0.79490291 0.82281553 0.88956311 0.86165049 0.79975728
 0.88834951 0.93203883 0.77548544 0.77548544 0.60194175 0.77548544
 0.71359223 0.70024272 0.63228155 0.56796117 0.61165049 0.51092233
 0.58009709 0.57038835 0.56796117 0.54126214 0.65291262 0.86165049
 0.96601942 0.82038835 1.         0.75728155 0.88349515 0.84466019
 0.82160194 0.74029126 0.74271845]
[0.38666667 0.6952381  0.64952381 0.68571429 0.66095238 0.56
 0.8152381  0.63428571 0.74095238 0.76       0.68380952 0.74095238
 0.8247619  0.72380952 0.8247619  0.8952381  0.84       0.78857143
 0.89714286 0.56952381 0.60952381 0.61142857 0.56761905 0.6952381
 0.26095238 0.60761905 0.31809524 0.48190476 0.55428571 0.54285714
 0.4152381  0.4952381  0.4952381  0.39809524 0.46285714 0.84571429
 0.69714286 1.         0.89142857 0.7352381  0.81142857 0.80380952
 0.67238095 0.49142857 0.66857143]
[0.70828331 0.80192077 0.91476591 0.71908764 0.68187275 0.83553421
 0.60384154 0.79711885 0.71068427 0.57022809 0.77911164 0.92677071
 0.92677071 1.         0.92316927 0.95558223 0.94357743 0.63985594
 0.66986795 0.92917167 0.70468187 0.68667467 0.61344538 0.64945978
 0.72989196 0.47178872 0.56662665 0.69027611 0.72629052 0.53301321
 0.76230492 0.70588235 0.68547419 0.73469388 0.76230492 0.81632653
 0.90636255 0.96278511 0.93637455 0.87034814 0.99639856 0.69627851
 0.70708283 0.62545018 0.79471789]
[0.7120743  0.35603715 0.57791538 0.17027864 0.36377709 0.78283945
 0.23993808 0.35775714 0.44719642 0.9752322  0.45201238 0.78018576
 0.45201238 0.65944272 0.73374613 0.65325077 0.64086687 0.56415549
 0.15866873 0.28895769 0.40247678 0.17956656 0.04643963 0.6501548
 0.27863777 0.43343653 0.52012384 0.20639835 0.33668731 0.51702786
 0.3449801  0.3250774  0.23440955 0.39860681 0.45510836 1.
 0.9380805  0.98142415 0.60681115 0.23993808 0.3374613  0.36709421
 0.51747015 0.41486068 0.41486068]
[0.43243243 0.         0.         0.37837838 0.45045045 0.47567568
 0.10810811 0.72072072 0.7027027  0.44594595 0.38513514 0.64864865
 0.45945946 0.75675676 0.53378378 0.22972973 0.59459459 0.38918919
 0.43243243 0.         0.28828829 0.27027027 0.         0.08108108
 0.         0.         0.54054054 0.41441441 0.32432432 0.89189189
 0.16216216 0.05405405 1.         0.40540541 0.45405405 0.45045045
 0.59459459 0.50675676 0.39189189 0.52027027 0.4527027  0.54054054
 0.16216216 0.27027027 0.52252252]
[0.84449489 0.91486947 0.79568672 0.7400681  0.81611805 0.72531215
 0.61180477 0.51191827 0.67423383 0.60839955 0.53575482 0.56867196
 0.55164586 0.68444949 0.76276958 0.79114642 0.89784336 0.93984109
 0.90351873 0.79909194 0.81157775 0.8830874  0.90805902 0.82860386
 0.59477866 0.80249716 0.75822928 0.76163451 0.52553916 0.60499432
 0.49602724 0.5323496  0.35868331 0.43359818 0.46083995 0.69239501
 0.6538025  0.72871737 0.81271283 0.84790011 0.80817253 1.
 0.7661748  0.96027242 0.89557321]
[0.92163543 0.90289608 0.95400341 0.91141397 0.74446337 0.57921635
 0.75298126 0.71720613 0.68994889 0.73594549 0.87223169 0.75809199
 0.78194208 0.81771721 0.96592845 1.         0.76831346 0.91993186
 0.87563884 0.97103918 0.83986371 0.73935264 0.85008518 0.74957411
 0.69165247 0.68994889 0.55706985 0.81771721 0.51618399 0.49403748
 0.64735945 0.46507666 0.41396934 0.36286201 0.63032368 0.60647359
 0.7274276  0.79897785 0.93356048 0.89948893 0.80408859 0.77172061
 0.96422487 0.73083475 0.75127768]
[1.         0.81688466 0.97384067 0.93460166 0.68727705 0.58977408
 0.78121284 0.62663496 0.64328181 0.5255648  0.5196195  0.63376932
 0.67419738 0.61117717 0.64090369 0.7039239  0.84066587 0.84185493
 0.9548157  0.91438763 0.8097503  0.91676576 0.78715815 0.93816885
 0.71700357 0.72532699 0.64209275 0.72532699 0.41260404 0.60642093
 0.42806183 0.58739596 0.33888228 0.48156956 0.53864447 0.65041617
 0.74554102 0.70749108 0.85255648 0.79667063 0.8216409  0.95243757
 0.89060642 0.85731272 0.95719382]
