[array([0.00277179, 0.00769941, 0.00893132, 0.01231906, 0.02001848,
       0.01940253, 0.02433015, 0.02556206, 0.03079766, 0.02925778,
       0.03356945, 0.04219279, 0.04126886, 0.04311672, 0.03541731,
       0.03387743, 0.0289498 , 0.02094241, 0.01693871, 0.01016323,
       0.00831537, 0.0040037 , 0.        , 0.00369572, 0.00646751,
       0.0092393 , 0.01293502, 0.01755467, 0.0197105 , 0.02740992,
       0.03141361, 0.02740992, 0.03695719, 0.04434863, 0.04126886,
       0.03788112, 0.03972898, 0.03387743, 0.02771789, 0.0197105 ,
       0.0249461 , 0.01755467, 0.01262704, 0.00677549, 0.00092393])]
[array([0.0029036 , 0.00522648, 0.01103368, 0.01567944, 0.01684088,
       0.01916376, 0.01829268, 0.02932636, 0.03368177, 0.03222997,
       0.03193961, 0.03803717, 0.03600465, 0.03774681, 0.03397213,
       0.03339141, 0.02439024, 0.02787456, 0.01800232, 0.01393728,
       0.0101626 , 0.0029036 , 0.00058072, 0.00348432, 0.00929152,
       0.00987224, 0.014518  , 0.01655052, 0.01829268, 0.0232288 ,
       0.03339141, 0.03135889, 0.03745645, 0.03861789, 0.03687573,
       0.04239257, 0.04152149, 0.03484321, 0.03281069, 0.02206736,
       0.02264808, 0.01655052, 0.0116144 , 0.007259  , 0.00203252])]
[array([0.00351053, 0.00300903, 0.01203611, 0.01955868, 0.02156469,
       0.01604814, 0.02357071, 0.02657974, 0.02557673, 0.03009027,
       0.03410231, 0.0336008 , 0.04062187, 0.03761284, 0.02908726,
       0.02908726, 0.03009027, 0.02657974, 0.01554664, 0.01705115,
       0.00802407, 0.00451354, 0.00100301, 0.00501505, 0.00802407,
       0.00852558, 0.01604814, 0.01654965, 0.02407222, 0.02357071,
       0.02758275, 0.03660983, 0.03610832, 0.03911735, 0.03961886,
       0.03911735, 0.0336008 , 0.03209629, 0.03209629, 0.0330993 ,
       0.01905717, 0.01705115, 0.01303912, 0.00852558, 0.00300903])]
[array([0.00295608, 0.00506757, 0.00633446, 0.01393581, 0.01689189,
       0.02027027, 0.02027027, 0.02829392, 0.02829392, 0.03420608,
       0.03251689, 0.04856419, 0.04518581, 0.03758446, 0.03800676,
       0.02491554, 0.02702703, 0.02238176, 0.01858108, 0.01140203,
       0.00844595, 0.00380068, 0.0004223 , 0.00253378, 0.00760135,
       0.01055743, 0.01900338, 0.01266892, 0.02111486, 0.02280405,
       0.02871622, 0.03336149, 0.04054054, 0.04180743, 0.03842905,
       0.04771959, 0.03927365, 0.03631757, 0.03040541, 0.02238176,
       0.01815878, 0.00929054, 0.00802365, 0.01266892, 0.00126689])]
[array([0.00311405, 0.00389257, 0.01245621, 0.01479175, 0.01712729,
       0.0206306 , 0.02452316, 0.02179837, 0.02997275, 0.03659011,
       0.03347606, 0.03386532, 0.03503309, 0.04359673, 0.03542234,
       0.03542234, 0.02763721, 0.01868431, 0.01284547, 0.01479175,
       0.01012067, 0.0027248 , 0.00077851, 0.0027248 , 0.00778513,
       0.01128844, 0.01595952, 0.0206306 , 0.02179837, 0.02101985,
       0.02802647, 0.03464383, 0.0385364 , 0.04165045, 0.04320747,
       0.0420397 , 0.04048268, 0.02919424, 0.02218762, 0.02763721,
       0.02724796, 0.01712729, 0.01323472, 0.0027248 , 0.00155703])]
[array([0.00252525, 0.00589226, 0.00631313, 0.01978114, 0.02020202,
       0.02651515, 0.02651515, 0.02356902, 0.02819865, 0.03367003,
       0.03451178, 0.03661616, 0.03829966, 0.03619529, 0.03282828,
       0.03072391, 0.02861953, 0.0206229 , 0.01936027, 0.01136364,
       0.00925926, 0.00547138, 0.00084175, 0.00505051, 0.01010101,
       0.01136364, 0.01262626, 0.01725589, 0.02188552, 0.01893939,
       0.03324916, 0.03998316, 0.03661616, 0.03745791, 0.03956229,
       0.04040404, 0.04419192, 0.03198653, 0.02651515, 0.0239899 ,
       0.01936027, 0.01178451, 0.01262626, 0.00420875, 0.00294613])]
[array([0.00084175, 0.00420875, 0.00883838, 0.01473064, 0.01851852,
       0.02146465, 0.02314815, 0.02441077, 0.03114478, 0.02693603,
       0.03451178, 0.04461279, 0.03661616, 0.03956229, 0.03619529,
       0.0290404 , 0.0273569 , 0.02146465, 0.01683502, 0.01515152,
       0.00673401, 0.00462963, 0.00042088, 0.00210438, 0.01220539,
       0.01388889, 0.01641414, 0.02146465, 0.01767677, 0.02146465,
       0.03114478, 0.03198653, 0.03030303, 0.04124579, 0.04250842,
       0.03914141, 0.04040404, 0.02988215, 0.03156566, 0.02861953,
       0.02146465, 0.01893939, 0.01262626, 0.00715488, 0.00042088])]
[array([0.0031264 , 0.00714605, 0.01295221, 0.01473872, 0.01831175,
       0.02009826, 0.02456454, 0.02992407, 0.02858419, 0.02545779,
       0.03439035, 0.03930326, 0.03573024, 0.03260384, 0.03617686,
       0.02947745, 0.02590442, 0.0223314 , 0.02143814, 0.01161233,
       0.00759268, 0.0080393 , 0.00178651, 0.0031264 , 0.01027244,
       0.01161233, 0.01563198, 0.01831175, 0.02769093, 0.02590442,
       0.03126396, 0.02903082, 0.03751675, 0.03617686, 0.03707012,
       0.03841   , 0.03751675, 0.03171059, 0.02858419, 0.02054489,
       0.02813756, 0.02009826, 0.01250558, 0.00580616, 0.00178651])]
[array([0.00176589, 0.00655903, 0.01059536, 0.01135217, 0.01185671,
       0.01690212, 0.02346115, 0.02674067, 0.0358224 , 0.03557013,
       0.03531786, 0.04515641, 0.04288597, 0.03708375, 0.03985873,
       0.03102926, 0.02573158, 0.01765893, 0.01639758, 0.00857719,
       0.00782038, 0.00378406, 0.00126135, 0.00378406, 0.00655903,
       0.00933401, 0.01009082, 0.01841574, 0.02018163, 0.02346115,
       0.03002018, 0.03304743, 0.03935419, 0.05070636, 0.04818365,
       0.04515641, 0.03784057, 0.03380424, 0.02421796, 0.02295661,
       0.01841574, 0.01488396, 0.00807265, 0.0068113 , 0.00151362])]
[array([0.00155703, 0.00544959, 0.0089529 , 0.00934216, 0.01751654,
       0.02452316, 0.02374465, 0.02374465, 0.02997275, 0.03114052,
       0.04165045, 0.03892565, 0.04359673, 0.0358116 , 0.03542234,
       0.03152978, 0.02841573, 0.02374465, 0.01595952, 0.01089918,
       0.00661736, 0.00389257, 0.        , 0.00194628, 0.00506033,
       0.01440249, 0.0116777 , 0.01595952, 0.01595952, 0.02608019,
       0.03775788, 0.03114052, 0.03814714, 0.0447645 , 0.04515376,
       0.04165045, 0.04515376, 0.0330868 , 0.02452316, 0.02374465,
       0.01868431, 0.0116777 , 0.01245621, 0.00583885, 0.0027248 ])]
[array([0.00106838, 0.00448718, 0.01025641, 0.01452991, 0.01666667,
       0.01688034, 0.01901709, 0.0284188 , 0.03247863, 0.03867521,
       0.03760684, 0.03952991, 0.04081197, 0.03739316, 0.03782051,
       0.03333333, 0.0258547 , 0.01944444, 0.01730769, 0.01303419,
       0.00705128, 0.00299145, 0.00128205, 0.00299145, 0.00662393,
       0.00833333, 0.01602564, 0.01645299, 0.02115385, 0.02371795,
       0.03119658, 0.03141026, 0.03782051, 0.04380342, 0.04166667,
       0.04294872, 0.03525641, 0.03290598, 0.03205128, 0.02371795,
       0.02008547, 0.01602564, 0.01239316, 0.00576923, 0.0017094 ])]
[array([0.00260983, 0.00869943, 0.01565898, 0.01565898, 0.02174859,
       0.01826881, 0.02435842, 0.03001305, 0.02566333, 0.02914311,
       0.03001305, 0.02740322, 0.03436277, 0.03479774, 0.03131796,
       0.03436277, 0.03001305, 0.0260983 , 0.02435842, 0.01609395,
       0.01174424, 0.00652458, 0.00260983, 0.00434972, 0.00956938,
       0.01261418, 0.0139191 , 0.02087864, 0.01913876, 0.02827316,
       0.02783819, 0.03436277, 0.03392779, 0.02696825, 0.03436277,
       0.04045237, 0.03392779, 0.02653328, 0.02653328, 0.02914311,
       0.02392344, 0.02479339, 0.01348412, 0.00913441, 0.00434972])]
[array([0.0020008 , 0.00580232, 0.010004  , 0.00960384, 0.01780712,
       0.02160864, 0.02180872, 0.02841136, 0.02941176, 0.03381353,
       0.03841537, 0.04021609, 0.04521809, 0.03741497, 0.03881553,
       0.03121248, 0.02501   , 0.0220088 , 0.01380552, 0.01040416,
       0.00660264, 0.0030012 , 0.00160064, 0.00380152, 0.00740296,
       0.0090036 , 0.01240496, 0.01560624, 0.0190076 , 0.0240096 ,
       0.02761104, 0.03721489, 0.04361745, 0.05302121, 0.04541817,
       0.04101641, 0.03381353, 0.03601441, 0.02460984, 0.02260904,
       0.015006  , 0.01660664, 0.0110044 , 0.00420168, 0.0030012 ])]
[array([0.00104188, 0.0054178 , 0.0116691 , 0.01146072, 0.01771202,
       0.02312982, 0.02458846, 0.02521359, 0.03083976, 0.03709106,
       0.03709106, 0.03979996, 0.03271515, 0.03688268, 0.03292353,
       0.03438216, 0.0241717 , 0.02229631, 0.01854553, 0.01062721,
       0.00791832, 0.00333403, 0.00020838, 0.00375078, 0.00791832,
       0.00833507, 0.01479475, 0.01667014, 0.0214628 , 0.02542196,
       0.03479892, 0.03750781, 0.0420921 , 0.03604918, 0.04417587,
       0.03396541, 0.03771619, 0.03459054, 0.02979787, 0.02438008,
       0.0233382 , 0.01500313, 0.01104397, 0.00604293, 0.00208377])]
[array([0.00166701, 0.0035424 , 0.00937695, 0.0152115 , 0.02021254,
       0.02167118, 0.02250469, 0.02667222, 0.02604709, 0.03438216,
       0.03792457, 0.03813294, 0.04396749, 0.03438216, 0.04000834,
       0.02833924, 0.02625547, 0.02438008, 0.01812878, 0.01146072,
       0.00916858, 0.00312565, 0.00104188, 0.0035424 , 0.00770994,
       0.01021046, 0.01416962, 0.01958741, 0.02292144, 0.02563034,
       0.02667222, 0.03334028, 0.0358408 , 0.04042509, 0.04063347,
       0.04042509, 0.04000834, 0.02854761, 0.02896437, 0.02583872,
       0.02208793, 0.0179204 , 0.01041884, 0.00458429, 0.00291727])]
[array([0.00217533, 0.00630846, 0.01261692, 0.01740265, 0.01914292,
       0.02175332, 0.02675658, 0.02349358, 0.03023711, 0.02871438,
       0.03284751, 0.03219491, 0.03785077, 0.03828584, 0.03850337,
       0.03328258, 0.02675658, 0.02392865, 0.02066565, 0.01370459,
       0.00935393, 0.00478573, 0.0013052 , 0.00543833, 0.00565586,
       0.00870133, 0.01544486, 0.01870785, 0.01979552, 0.02632151,
       0.03088971, 0.02849685, 0.0400261 , 0.04089624, 0.03611051,
       0.03828584, 0.03524037, 0.03719817, 0.03480531, 0.02175332,
       0.01936045, 0.01609745, 0.01239939, 0.00478573, 0.00152273])]
[array([0.00106521, 0.00437922, 0.00449757, 0.00935022, 0.01112558,
       0.01716179, 0.02248787, 0.02674873, 0.03314002, 0.04213516,
       0.04568588, 0.05148538, 0.05266895, 0.0500651 , 0.03870281,
       0.02757723, 0.02201444, 0.01597822, 0.01088886, 0.00781158,
       0.00307729, 0.00130193, 0.00023671, 0.0024855 , 0.00355072,
       0.00591786, 0.00864008, 0.01065215, 0.01538644, 0.02343473,
       0.03077287, 0.03988638, 0.05219553, 0.05160374, 0.0542076 ,
       0.05302403, 0.03929459, 0.03479702, 0.02556516, 0.01716179,
       0.01266422, 0.00840336, 0.00615457, 0.00272222, 0.00189372])]
[array([0.00159953, 0.00378072, 0.00799767, 0.00756144, 0.01439581,
       0.01948524, 0.01890359, 0.02879162, 0.0344627 , 0.03533518,
       0.04260579, 0.0439145 , 0.04536862, 0.04304202, 0.03882507,
       0.03097281, 0.02384761, 0.02181184, 0.01221463, 0.00857932,
       0.00567108, 0.00290824, 0.00072706, 0.00276283, 0.00436237,
       0.00697979, 0.01076051, 0.01236004, 0.02166642, 0.02515632,
       0.03359023, 0.0379526 , 0.04289661, 0.04362367, 0.04653192,
       0.04769522, 0.03969754, 0.0344627 , 0.02820998, 0.02646503,
       0.01759488, 0.01119674, 0.00610731, 0.00625273, 0.00087247])]
[array([0.0008285 , 0.00272222, 0.006628  , 0.00816665, 0.01254586,
       0.01538644, 0.02260623, 0.02556516, 0.03515209, 0.04201681,
       0.04556752, 0.05598296, 0.05065688, 0.04805302, 0.0362173 ,
       0.03100959, 0.01941058, 0.01443958, 0.01159901, 0.0074565 ,
       0.00284057, 0.00260386, 0.00059179, 0.001657  , 0.00343236,
       0.00532607, 0.00804829, 0.01195408, 0.01585987, 0.02521008,
       0.03160137, 0.03669073, 0.05207717, 0.05397088, 0.05432596,
       0.04947331, 0.04497574, 0.03077287, 0.02307965, 0.01917387,
       0.01396615, 0.01006036, 0.00639129, 0.003314  , 0.00059179])]
[array([0.00191571, 0.00410509, 0.00875753, 0.01258894, 0.0165572 ,
       0.01792556, 0.02298851, 0.02668309, 0.02996716, 0.0350301 ,
       0.03831418, 0.04050356, 0.04269294, 0.0440613 , 0.03557745,
       0.03119869, 0.03065134, 0.02011494, 0.01600985, 0.01163109,
       0.00670498, 0.00314724, 0.00082102, 0.00259989, 0.00697865,
       0.01081007, 0.01122058, 0.01436782, 0.02025178, 0.02422003,
       0.02983032, 0.03379858, 0.04036672, 0.03858785, 0.04241927,
       0.04132458, 0.04187192, 0.03407225, 0.030104  , 0.02298851,
       0.02066229, 0.01683087, 0.01163109, 0.00519978, 0.00191571])]
[array([0.00164264, 0.00438036, 0.00529294, 0.00876072, 0.01113342,
       0.01806899, 0.02135426, 0.0279248 , 0.03139259, 0.03832816,
       0.05055667, 0.05475452, 0.05165176, 0.04654134, 0.03741559,
       0.02573462, 0.02117175, 0.0146012 , 0.01076839, 0.00821318,
       0.00748312, 0.00273773, 0.00036503, 0.00182515, 0.00273773,
       0.00711809, 0.006023  , 0.01259354, 0.01679139, 0.02080672,
       0.02993247, 0.03796313, 0.05621464, 0.05676218, 0.04800146,
       0.04873152, 0.0472714 , 0.03449535, 0.02409199, 0.0169739 ,
       0.01168096, 0.01040336, 0.00547545, 0.0036503 , 0.00018252])]
[array([0.0023827 , 0.00439883, 0.00733138, 0.01191349, 0.01906158,
       0.02089443, 0.02144428, 0.02510997, 0.0329912 , 0.03848974,
       0.03903959, 0.04490469, 0.04472141, 0.03922287, 0.03647361,
       0.0318915 , 0.02657625, 0.021261  , 0.01576246, 0.01026393,
       0.00366569, 0.00329912, 0.        , 0.00421554, 0.00439883,
       0.00934751, 0.01191349, 0.01741202, 0.02071114, 0.02181085,
       0.03134164, 0.0329912 , 0.04692082, 0.04380499, 0.04142229,
       0.04417155, 0.04050587, 0.03152493, 0.02969208, 0.02199413,
       0.01484604, 0.01337977, 0.01118035, 0.00403226, 0.00128299])]
[array([0.00127761, 0.00273773, 0.00529294, 0.00876072, 0.01186348,
       0.01533126, 0.02025917, 0.02810732, 0.03814565, 0.04508122,
       0.04234349, 0.05165176, 0.04800146, 0.04836649, 0.0363205 ,
       0.02536959, 0.0206242 , 0.01587881, 0.01040336, 0.00894324,
       0.006023  , 0.00182515, 0.00036503, 0.00127761, 0.00565797,
       0.00456288, 0.00912575, 0.01624384, 0.01898157, 0.02007666,
       0.02956744, 0.03887571, 0.04946158, 0.05493703, 0.05566709,
       0.0496441 , 0.04416864, 0.0302975 , 0.02828983, 0.01952911,
       0.01277605, 0.00930827, 0.00547545, 0.0023727 , 0.00073006])]
[array([0.00196528, 0.00589584, 0.00971722, 0.0147396 , 0.01768752,
       0.02019871, 0.02402009, 0.02860574, 0.02805983, 0.03777705,
       0.03712196, 0.04083415, 0.03777705, 0.03701277, 0.03581177,
       0.03603013, 0.02402009, 0.01834261, 0.01812425, 0.01233759,
       0.00698766, 0.0037122 , 0.00141937, 0.00218364, 0.00534993,
       0.01026313, 0.0135386 , 0.01714161, 0.02292827, 0.02565782,
       0.03188121, 0.03275467, 0.03843214, 0.04443717, 0.04400044,
       0.0430178 , 0.03657605, 0.03482913, 0.02598537, 0.02216399,
       0.01910689, 0.01277432, 0.01059068, 0.00655093, 0.00163773])]
