[array([0.        , 0.00060976, 0.00304878, 0.0054878 , 0.00914634,
       0.01097561, 0.01128049, 0.0195122 , 0.0277439 , 0.03079268,
       0.03810976, 0.03536585, 0.04237805, 0.05060976, 0.0472561 ,
       0.06128049, 0.05792683, 0.06097561, 0.06920732, 0.05884146,
       0.05914634, 0.05213415, 0.03780488, 0.0402439 , 0.03841463,
       0.02560976, 0.02621951, 0.01890244, 0.01371951, 0.01158537,
       0.00914634, 0.0070122 , 0.00670732, 0.01006098, 0.0027439 ,
       0.        , 0.        , 0.        , 0.        , 0.        ,
       0.        , 0.        , 0.        , 0.        , 0.        ,
       0.        , 0.        , 0.        , 0.        , 0.        ,
       0.        , 0.        , 0.        , 0.        , 0.        ,
       0.        , 0.        , 0.        , 0.        , 0.        ,
       0.        , 0.        , 0.        , 0.        , 0.        ,
       0.        , 0.        , 0.        , 0.        , 0.        ])]
[array([0.00028744, 0.00114976, 0.00344927, 0.00402414, 0.00919805,
       0.01437195, 0.01983329, 0.02816901, 0.03133084, 0.04196608,
       0.04857718, 0.04972693, 0.05288876, 0.05720034, 0.06409888,
       0.05921242, 0.0597873 , 0.05605059, 0.05145157, 0.05461339,
       0.0465651 , 0.03966657, 0.04110377, 0.03506755, 0.03018109,
       0.03161828, 0.02155792, 0.01523426, 0.01207243, 0.00948548,
       0.00833573, 0.00172463, 0.        , 0.        , 0.        ,
       0.        , 0.        , 0.        , 0.        , 0.        ,
       0.        , 0.        , 0.        , 0.        , 0.        ,
       0.        , 0.        , 0.        , 0.        , 0.        ,
       0.        , 0.        , 0.        , 0.        , 0.        ,
       0.        , 0.        , 0.        , 0.        , 0.        ,
       0.        , 0.        , 0.        , 0.        , 0.        ,
       0.        , 0.        , 0.        , 0.        , 0.        ])]
[array([0.        , 0.00248139, 0.0044665 , 0.00744417, 0.01240695,
       0.01389578, 0.02282878, 0.0292804 , 0.03176179, 0.04516129,
       0.05657568, 0.0630273 , 0.05359801, 0.0560794 , 0.06997519,
       0.06898263, 0.07890819, 0.06153846, 0.06451613, 0.04813896,
       0.04516129, 0.04019851, 0.03622829, 0.02233251, 0.02828784,
       0.01687345, 0.00744417, 0.008933  , 0.00347395, 0.        ,
       0.        , 0.        , 0.        , 0.        , 0.        ,
       0.        , 0.        , 0.        , 0.        , 0.        ,
       0.        , 0.        , 0.        , 0.        , 0.        ,
       0.        , 0.        , 0.        , 0.        , 0.        ,
       0.        , 0.        , 0.        , 0.        , 0.        ,
       0.        , 0.        , 0.        , 0.        , 0.        ,
       0.        , 0.        , 0.        , 0.        , 0.        ,
       0.        , 0.        , 0.        , 0.        , 0.        ])]
[array([0.00041806, 0.0020903 , 0.00919732, 0.01128763, 0.01839465,
       0.02132107, 0.02884615, 0.03344482, 0.0430602 , 0.04138796,
       0.05727425, 0.07107023, 0.06814381, 0.07023411, 0.06396321,
       0.06229097, 0.06020067, 0.05852843, 0.05811037, 0.04389632,
       0.04431438, 0.0388796 , 0.02675585, 0.01630435, 0.02006689,
       0.01254181, 0.01086957, 0.00668896, 0.00041806, 0.        ,
       0.        , 0.        , 0.        , 0.        , 0.        ,
       0.        , 0.        , 0.        , 0.        , 0.        ,
       0.        , 0.        , 0.        , 0.        , 0.        ,
       0.        , 0.        , 0.        , 0.        , 0.        ,
       0.        , 0.        , 0.        , 0.        , 0.        ,
       0.        , 0.        , 0.        , 0.        , 0.        ,
       0.        , 0.        , 0.        , 0.        , 0.        ,
       0.        , 0.        , 0.        , 0.        , 0.        ])]
[array([0.00038536, 0.00192678, 0.00578035, 0.00693642, 0.01734104,
       0.01888247, 0.02967245, 0.04508671, 0.05125241, 0.05472062,
       0.07630058, 0.06859345, 0.06473988, 0.08477842, 0.07090559,
       0.07052023, 0.06396917, 0.05741811, 0.0416185 , 0.03737958,
       0.03468208, 0.02813102, 0.02350674, 0.01348748, 0.01001927,
       0.00847784, 0.00578035, 0.00462428, 0.00308285, 0.        ,
       0.        , 0.        , 0.        , 0.        , 0.        ,
       0.        , 0.        , 0.        , 0.        , 0.        ,
       0.        , 0.        , 0.        , 0.        , 0.        ,
       0.        , 0.        , 0.        , 0.        , 0.        ,
       0.        , 0.        , 0.        , 0.        , 0.        ,
       0.        , 0.        , 0.        , 0.        , 0.        ,
       0.        , 0.        , 0.        , 0.        , 0.        ,
       0.        , 0.        , 0.        , 0.        , 0.        ])]
[array([0.00083299, 0.00374844, 0.00749688, 0.01416077, 0.02290712,
       0.03498542, 0.03873386, 0.05372761, 0.05997501, 0.05997501,
       0.06372345, 0.07163682, 0.07038734, 0.06747189, 0.06330696,
       0.05914202, 0.0483132 , 0.05705956, 0.04373178, 0.03873386,
       0.02832153, 0.02249063, 0.01957518, 0.01665973, 0.01291129,
       0.00916285, 0.00749688, 0.00208247, 0.00124948, 0.        ,
       0.        , 0.        , 0.        , 0.        , 0.        ,
       0.        , 0.        , 0.        , 0.        , 0.        ,
       0.        , 0.        , 0.        , 0.        , 0.        ,
       0.        , 0.        , 0.        , 0.        , 0.        ,
       0.        , 0.        , 0.        , 0.        , 0.        ,
       0.        , 0.        , 0.        , 0.        , 0.        ,
       0.        , 0.        , 0.        , 0.        , 0.        ,
       0.        , 0.        , 0.        , 0.        , 0.        ])]
[array([0.00083299, 0.00374844, 0.00749688, 0.01416077, 0.02290712,
       0.03498542, 0.03873386, 0.05372761, 0.05997501, 0.05997501,
       0.06372345, 0.07163682, 0.07038734, 0.06747189, 0.06330696,
       0.05914202, 0.0483132 , 0.05705956, 0.04373178, 0.03873386,
       0.02832153, 0.02249063, 0.01957518, 0.01665973, 0.01291129,
       0.00916285, 0.00749688, 0.00208247, 0.00124948, 0.        ,
       0.        , 0.        , 0.        , 0.        , 0.        ,
       0.        , 0.        , 0.        , 0.        , 0.        ,
       0.        , 0.        , 0.        , 0.        , 0.        ,
       0.        , 0.        , 0.        , 0.        , 0.        ,
       0.        , 0.        , 0.        , 0.        , 0.        ,
       0.        , 0.        , 0.        , 0.        , 0.        ,
       0.        , 0.        , 0.        , 0.        , 0.        ,
       0.        , 0.        , 0.        , 0.        , 0.        ])]
[array([0.00132626, 0.00397878, 0.00839965, 0.01635721, 0.02519894,
       0.03536693, 0.04244032, 0.0495137 , 0.06189213, 0.07029178,
       0.06454465, 0.07206012, 0.08090186, 0.07913351, 0.06852343,
       0.05393457, 0.05128205, 0.04067197, 0.03934571, 0.03138815,
       0.02917772, 0.02077807, 0.01591512, 0.01105217, 0.01193634,
       0.00574713, 0.00442087, 0.00265252, 0.00176835, 0.        ,
       0.        , 0.        , 0.        , 0.        , 0.        ,
       0.        , 0.        , 0.        , 0.        , 0.        ,
       0.        , 0.        , 0.        , 0.        , 0.        ,
       0.        , 0.        , 0.        , 0.        , 0.        ,
       0.        , 0.        , 0.        , 0.        , 0.        ,
       0.        , 0.        , 0.        , 0.        , 0.        ,
       0.        , 0.        , 0.        , 0.        , 0.        ,
       0.        , 0.        , 0.        , 0.        , 0.        ])]
[array([0.00074906, 0.00449438, 0.00973783, 0.02347066, 0.03595506,
       0.04669164, 0.06416979, 0.07116105, 0.07590512, 0.08214732,
       0.07915106, 0.082397  , 0.07315855, 0.05942572, 0.05892634,
       0.05393258, 0.04269663, 0.03570537, 0.02846442, 0.01922597,
       0.01947566, 0.0144819 , 0.01073658, 0.00699126, 0.00074906,
       0.        , 0.        , 0.        , 0.        , 0.        ,
       0.        , 0.        , 0.        , 0.        , 0.        ,
       0.        , 0.        , 0.        , 0.        , 0.        ,
       0.        , 0.        , 0.        , 0.        , 0.        ,
       0.        , 0.        , 0.        , 0.        , 0.        ,
       0.        , 0.        , 0.        , 0.        , 0.        ,
       0.        , 0.        , 0.        , 0.        , 0.        ,
       0.        , 0.        , 0.        , 0.        , 0.        ,
       0.        , 0.        , 0.        , 0.        , 0.        ])]
[array([0.00077071, 0.00539499, 0.01001927, 0.02196532, 0.03159923,
       0.05240848, 0.06435453, 0.06743738, 0.07360308, 0.07899807,
       0.07899807, 0.07745665, 0.07899807, 0.06666667, 0.06088632,
       0.04662813, 0.04084778, 0.02813102, 0.02427746, 0.02350674,
       0.01657033, 0.01425819, 0.00732177, 0.00693642, 0.00693642,
       0.0088632 , 0.00423892, 0.00192678, 0.        , 0.        ,
       0.        , 0.        , 0.        , 0.        , 0.        ,
       0.        , 0.        , 0.        , 0.        , 0.        ,
       0.        , 0.        , 0.        , 0.        , 0.        ,
       0.        , 0.        , 0.        , 0.        , 0.        ,
       0.        , 0.        , 0.        , 0.        , 0.        ,
       0.        , 0.        , 0.        , 0.        , 0.        ,
       0.        , 0.        , 0.        , 0.        , 0.        ,
       0.        , 0.        , 0.        , 0.        , 0.        ])]
[array([0.00063452, 0.00465313, 0.01099831, 0.02643824, 0.03870558,
       0.05647208, 0.06831641, 0.08629442, 0.0964467 , 0.09835025,
       0.09877327, 0.08502538, 0.07635364, 0.06387479, 0.05329949,
       0.0391286 , 0.03045685, 0.02580372, 0.01628596, 0.01015228,
       0.00740271, 0.00486464, 0.00126904, 0.        , 0.        ,
       0.        , 0.        , 0.        , 0.        , 0.        ,
       0.        , 0.        , 0.        , 0.        , 0.        ,
       0.        , 0.        , 0.        , 0.        , 0.        ,
       0.        , 0.        , 0.        , 0.        , 0.        ,
       0.        , 0.        , 0.        , 0.        , 0.        ,
       0.        , 0.        , 0.        , 0.        , 0.        ,
       0.        , 0.        , 0.        , 0.        , 0.        ,
       0.        , 0.        , 0.        , 0.        , 0.        ,
       0.        , 0.        , 0.        , 0.        , 0.        ])]
[array([0.        , 0.00602669, 0.0116229 , 0.02281533, 0.04132587,
       0.06241929, 0.08179079, 0.07662505, 0.08781748, 0.08523461,
       0.09255273, 0.09857942, 0.06629359, 0.06543263, 0.06198881,
       0.03659062, 0.03400775, 0.01851055, 0.01764959, 0.02152389,
       0.00817908, 0.00301334, 0.        , 0.        , 0.        ,
       0.        , 0.        , 0.        , 0.        , 0.        ,
       0.        , 0.        , 0.        , 0.        , 0.        ,
       0.        , 0.        , 0.        , 0.        , 0.        ,
       0.        , 0.        , 0.        , 0.        , 0.        ,
       0.        , 0.        , 0.        , 0.        , 0.        ,
       0.        , 0.        , 0.        , 0.        , 0.        ,
       0.        , 0.        , 0.        , 0.        , 0.        ,
       0.        , 0.        , 0.        , 0.        , 0.        ,
       0.        , 0.        , 0.        , 0.        , 0.        ])]
[array([0.00217865, 0.01247772, 0.03168944, 0.05109923, 0.07288572,
       0.09407804, 0.1010101 , 0.09387998, 0.09982175, 0.09090909,
       0.07328184, 0.06120024, 0.05446623, 0.04099822, 0.03743316,
       0.03030303, 0.02139037, 0.01663696, 0.00950683, 0.00475342,
       0.        , 0.        , 0.        , 0.        , 0.        ,
       0.        , 0.        , 0.        , 0.        , 0.        ,
       0.        , 0.        , 0.        , 0.        , 0.        ,
       0.        , 0.        , 0.        , 0.        , 0.        ,
       0.        , 0.        , 0.        , 0.        , 0.        ,
       0.        , 0.        , 0.        , 0.        , 0.        ,
       0.        , 0.        , 0.        , 0.        , 0.        ,
       0.        , 0.        , 0.        , 0.        , 0.        ,
       0.        , 0.        , 0.        , 0.        , 0.        ,
       0.        , 0.        , 0.        , 0.        , 0.        ])]
[array([0.00185644, 0.00721947, 0.02083333, 0.04125413, 0.06023102,
       0.07384488, 0.08292079, 0.09096535, 0.08374587, 0.08663366,
       0.09117162, 0.07735149, 0.06786304, 0.05218647, 0.03939769,
       0.03094059, 0.02702145, 0.01629538, 0.01608911, 0.00866337,
       0.00763201, 0.00536304, 0.00556931, 0.00268152, 0.00226898,
       0.        , 0.        , 0.        , 0.        , 0.        ,
       0.        , 0.        , 0.        , 0.        , 0.        ,
       0.        , 0.        , 0.        , 0.        , 0.        ,
       0.        , 0.        , 0.        , 0.        , 0.        ,
       0.        , 0.        , 0.        , 0.        , 0.        ,
       0.        , 0.        , 0.        , 0.        , 0.        ,
       0.        , 0.        , 0.        , 0.        , 0.        ,
       0.        , 0.        , 0.        , 0.        , 0.        ,
       0.        , 0.        , 0.        , 0.        , 0.        ])]
[array([0.00185644, 0.00721947, 0.02083333, 0.04125413, 0.06023102,
       0.07384488, 0.08292079, 0.09096535, 0.08374587, 0.08663366,
       0.09117162, 0.07735149, 0.06786304, 0.05218647, 0.03939769,
       0.03094059, 0.02702145, 0.01629538, 0.01608911, 0.00866337,
       0.00763201, 0.00536304, 0.00556931, 0.00268152, 0.00226898,
       0.        , 0.        , 0.        , 0.        , 0.        ,
       0.        , 0.        , 0.        , 0.        , 0.        ,
       0.        , 0.        , 0.        , 0.        , 0.        ,
       0.        , 0.        , 0.        , 0.        , 0.        ,
       0.        , 0.        , 0.        , 0.        , 0.        ,
       0.        , 0.        , 0.        , 0.        , 0.        ,
       0.        , 0.        , 0.        , 0.        , 0.        ,
       0.        , 0.        , 0.        , 0.        , 0.        ,
       0.        , 0.        , 0.        , 0.        , 0.        ])]
[array([0.00322997, 0.01162791, 0.02347115, 0.04909561, 0.06438415,
       0.09280792, 0.09646856, 0.10228252, 0.09280792, 0.0913006 ,
       0.07364341, 0.06567614, 0.05146425, 0.04500431, 0.03639104,
       0.0286391 , 0.01916451, 0.01679587, 0.0122739 , 0.0088286 ,
       0.00667528, 0.00559862, 0.00236865, 0.        , 0.        ,
       0.        , 0.        , 0.        , 0.        , 0.        ,
       0.        , 0.        , 0.        , 0.        , 0.        ,
       0.        , 0.        , 0.        , 0.        , 0.        ,
       0.        , 0.        , 0.        , 0.        , 0.        ,
       0.        , 0.        , 0.        , 0.        , 0.        ,
       0.        , 0.        , 0.        , 0.        , 0.        ,
       0.        , 0.        , 0.        , 0.        , 0.        ,
       0.        , 0.        , 0.        , 0.        , 0.        ,
       0.        , 0.        , 0.        , 0.        , 0.        ])]
[array([0.00246046, 0.01487991, 0.03081429, 0.05389572, 0.07568834,
       0.0950205 , 0.10439367, 0.1122437 , 0.11189221, 0.09865261,
       0.07498535, 0.06198008, 0.04721734, 0.0364382 , 0.02694786,
       0.01991798, 0.01195079, 0.00913884, 0.0076157 , 0.00386643,
       0.        , 0.        , 0.        , 0.        , 0.        ,
       0.        , 0.        , 0.        , 0.        , 0.        ,
       0.        , 0.        , 0.        , 0.        , 0.        ,
       0.        , 0.        , 0.        , 0.        , 0.        ,
       0.        , 0.        , 0.        , 0.        , 0.        ,
       0.        , 0.        , 0.        , 0.        , 0.        ,
       0.        , 0.        , 0.        , 0.        , 0.        ,
       0.        , 0.        , 0.        , 0.        , 0.        ,
       0.        , 0.        , 0.        , 0.        , 0.        ,
       0.        , 0.        , 0.        , 0.        , 0.        ])]
[array([0.00316683, 0.01669786, 0.05138909, 0.0798906 , 0.09989924,
       0.10853606, 0.11587736, 0.10738448, 0.0967324 , 0.07758745,
       0.06679142, 0.04807831, 0.03771412, 0.03094861, 0.01885706,
       0.0146826 , 0.00993234, 0.00878077, 0.00532604, 0.00172736,
       0.        , 0.        , 0.        , 0.        , 0.        ,
       0.        , 0.        , 0.        , 0.        , 0.        ,
       0.        , 0.        , 0.        , 0.        , 0.        ,
       0.        , 0.        , 0.        , 0.        , 0.        ,
       0.        , 0.        , 0.        , 0.        , 0.        ,
       0.        , 0.        , 0.        , 0.        , 0.        ,
       0.        , 0.        , 0.        , 0.        , 0.        ,
       0.        , 0.        , 0.        , 0.        , 0.        ,
       0.        , 0.        , 0.        , 0.        , 0.        ,
       0.        , 0.        , 0.        , 0.        , 0.        ])]
[array([0.00246046, 0.01487991, 0.03081429, 0.05389572, 0.07568834,
       0.0950205 , 0.10439367, 0.1122437 , 0.11189221, 0.09865261,
       0.07498535, 0.06198008, 0.04721734, 0.0364382 , 0.02694786,
       0.01991798, 0.01195079, 0.00913884, 0.0076157 , 0.00386643,
       0.        , 0.        , 0.        , 0.        , 0.        ,
       0.        , 0.        , 0.        , 0.        , 0.        ,
       0.        , 0.        , 0.        , 0.        , 0.        ,
       0.        , 0.        , 0.        , 0.        , 0.        ,
       0.        , 0.        , 0.        , 0.        , 0.        ,
       0.        , 0.        , 0.        , 0.        , 0.        ,
       0.        , 0.        , 0.        , 0.        , 0.        ,
       0.        , 0.        , 0.        , 0.        , 0.        ,
       0.        , 0.        , 0.        , 0.        , 0.        ,
       0.        , 0.        , 0.        , 0.        , 0.        ])]
[array([0.00257383, 0.0153075 , 0.03427255, 0.0532376 , 0.07179626,
       0.09401246, 0.09983744, 0.09983744, 0.0957735 , 0.08656191,
       0.07802763, 0.06881604, 0.0513411 , 0.03955568, 0.03047954,
       0.02384178, 0.01503658, 0.01164996, 0.01192089, 0.00677323,
       0.00555405, 0.00379301, 0.        , 0.        , 0.        ,
       0.        , 0.        , 0.        , 0.        , 0.        ,
       0.        , 0.        , 0.        , 0.        , 0.        ,
       0.        , 0.        , 0.        , 0.        , 0.        ,
       0.        , 0.        , 0.        , 0.        , 0.        ,
       0.        , 0.        , 0.        , 0.        , 0.        ,
       0.        , 0.        , 0.        , 0.        , 0.        ,
       0.        , 0.        , 0.        , 0.        , 0.        ,
       0.        , 0.        , 0.        , 0.        , 0.        ,
       0.        , 0.        , 0.        , 0.        , 0.        ])]
[array([0.00307136, 0.01933153, 0.05167118, 0.07949413, 0.10731707,
       0.13206865, 0.12520325, 0.11436314, 0.09575429, 0.07696477,
       0.06757001, 0.04751581, 0.03107498, 0.02131888, 0.01120145,
       0.00939476, 0.00596206, 0.00072267, 0.        , 0.        ,
       0.        , 0.        , 0.        , 0.        , 0.        ,
       0.        , 0.        , 0.        , 0.        , 0.        ,
       0.        , 0.        , 0.        , 0.        , 0.        ,
       0.        , 0.        , 0.        , 0.        , 0.        ,
       0.        , 0.        , 0.        , 0.        , 0.        ,
       0.        , 0.        , 0.        , 0.        , 0.        ,
       0.        , 0.        , 0.        , 0.        , 0.        ,
       0.        , 0.        , 0.        , 0.        , 0.        ,
       0.        , 0.        , 0.        , 0.        , 0.        ,
       0.        , 0.        , 0.        , 0.        , 0.        ])]
[array([0.00290276, 0.01596517, 0.04481132, 0.07474601, 0.09542816,
       0.11139332, 0.12608853, 0.12227866, 0.0974238 , 0.08581277,
       0.06531205, 0.05333817, 0.037373  , 0.02503628, 0.01759797,
       0.01142961, 0.00816401, 0.0048984 , 0.        , 0.        ,
       0.        , 0.        , 0.        , 0.        , 0.        ,
       0.        , 0.        , 0.        , 0.        , 0.        ,
       0.        , 0.        , 0.        , 0.        , 0.        ,
       0.        , 0.        , 0.        , 0.        , 0.        ,
       0.        , 0.        , 0.        , 0.        , 0.        ,
       0.        , 0.        , 0.        , 0.        , 0.        ,
       0.        , 0.        , 0.        , 0.        , 0.        ,
       0.        , 0.        , 0.        , 0.        , 0.        ,
       0.        , 0.        , 0.        , 0.        , 0.        ,
       0.        , 0.        , 0.        , 0.        , 0.        ])]
[array([0.00307136, 0.01933153, 0.05167118, 0.07949413, 0.10731707,
       0.13206865, 0.12520325, 0.11436314, 0.09575429, 0.07696477,
       0.06757001, 0.04751581, 0.03107498, 0.02131888, 0.01120145,
       0.00939476, 0.00596206, 0.00072267, 0.        , 0.        ,
       0.        , 0.        , 0.        , 0.        , 0.        ,
       0.        , 0.        , 0.        , 0.        , 0.        ,
       0.        , 0.        , 0.        , 0.        , 0.        ,
       0.        , 0.        , 0.        , 0.        , 0.        ,
       0.        , 0.        , 0.        , 0.        , 0.        ,
       0.        , 0.        , 0.        , 0.        , 0.        ,
       0.        , 0.        , 0.        , 0.        , 0.        ,
       0.        , 0.        , 0.        , 0.        , 0.        ,
       0.        , 0.        , 0.        , 0.        , 0.        ,
       0.        , 0.        , 0.        , 0.        , 0.        ])]
[array([0.0028102 , 0.02118461, 0.04701686, 0.07274103, 0.10235625,
       0.12083874, 0.11694769, 0.11619109, 0.09976221, 0.07609166,
       0.06820147, 0.04961089, 0.03458712, 0.025508  , 0.01859058,
       0.01156507, 0.00821444, 0.006377  , 0.0014051 , 0.        ,
       0.        , 0.        , 0.        , 0.        , 0.        ,
       0.        , 0.        , 0.        , 0.        , 0.        ,
       0.        , 0.        , 0.        , 0.        , 0.        ,
       0.        , 0.        , 0.        , 0.        , 0.        ,
       0.        , 0.        , 0.        , 0.        , 0.        ,
       0.        , 0.        , 0.        , 0.        , 0.        ,
       0.        , 0.        , 0.        , 0.        , 0.        ,
       0.        , 0.        , 0.        , 0.        , 0.        ,
       0.        , 0.        , 0.        , 0.        , 0.        ,
       0.        , 0.        , 0.        , 0.        , 0.        ])]
