[array([0.00243902, 0.01006098, 0.01829268, 0.02652439, 0.03170732,
       0.03140244, 0.02987805, 0.0347561 , 0.02835366, 0.02804878,
       0.02743902, 0.02103659, 0.02439024, 0.0304878 , 0.02469512,
       0.0195122 , 0.01493902, 0.01646341, 0.02164634, 0.02073171,
       0.01615854, 0.0070122 , 0.00243902, 0.00640244, 0.01189024,
       0.01829268, 0.02530488, 0.02652439, 0.02713415, 0.02835366,
       0.03384146, 0.0304878 , 0.02926829, 0.03689024, 0.03536585,
       0.03506098, 0.02987805, 0.02804878, 0.02865854, 0.02530488,
       0.02621951, 0.01097561, 0.01219512, 0.00518293, 0.00030488])]
[array([0.00229951, 0.01063524, 0.01350963, 0.01465938, 0.02644438,
       0.02759414, 0.03535499, 0.03363035, 0.03334291, 0.02701926,
       0.03075596, 0.03420523, 0.03880425, 0.04311584, 0.03391779,
       0.02443231, 0.02012072, 0.01523426, 0.01753377, 0.00977292,
       0.00718597, 0.00459902, 0.00028744, 0.00287439, 0.00689853,
       0.01350963, 0.01580914, 0.02701926, 0.0428284 , 0.04024145,
       0.03736706, 0.03391779, 0.03420523, 0.03046853, 0.03190572,
       0.02845645, 0.02356999, 0.02500719, 0.02414487, 0.02040816,
       0.02127048, 0.01437195, 0.01149756, 0.00833573, 0.00143719])]
[array([0.00397022, 0.00794045, 0.00992556, 0.01240695, 0.02084367,
       0.02282878, 0.02431762, 0.02779156, 0.02580645, 0.03672457,
       0.03473945, 0.0337469 , 0.03970223, 0.03325062, 0.03523573,
       0.03473945, 0.02382134, 0.02034739, 0.02084367, 0.01637717,
       0.01141439, 0.00248139, 0.00099256, 0.00545906, 0.00794045,
       0.01042184, 0.02282878, 0.02133995, 0.02630273, 0.02729529,
       0.02977667, 0.02679901, 0.03473945, 0.04019851, 0.0337469 ,
       0.0337469 , 0.03622829, 0.02977667, 0.0292804 , 0.02977667,
       0.02332506, 0.0133995 , 0.01091811, 0.00496278, 0.00148883])]
[array([0.00292642, 0.00794314, 0.01212375, 0.01379599, 0.02006689,
       0.01839465, 0.03177258, 0.01964883, 0.02968227, 0.0367893 ,
       0.03762542, 0.03720736, 0.03762542, 0.02842809, 0.03386288,
       0.02591973, 0.02508361, 0.01923077, 0.02424749, 0.02299331,
       0.01714047, 0.0083612 , 0.00125418, 0.00250836, 0.00334448,
       0.00752508, 0.01128763, 0.00919732, 0.01839465, 0.02550167,
       0.03093645, 0.04013378, 0.04765886, 0.04556856, 0.04556856,
       0.034699  , 0.03344482, 0.03051839, 0.02884615, 0.02341137,
       0.02215719, 0.01170569, 0.00877926, 0.00376254, 0.00292642])]
[array([0.00115607, 0.00308285, 0.01233141, 0.01579961, 0.02196532,
       0.02080925, 0.02273603, 0.02890173, 0.03622351, 0.03776493,
       0.03468208, 0.03082852, 0.02851638, 0.0300578 , 0.038921  ,
       0.0238921 , 0.03082852, 0.02196532, 0.01811175, 0.01194605,
       0.01040462, 0.00462428, 0.00077071, 0.00192678, 0.01040462,
       0.00924855, 0.01579961, 0.02736031, 0.03506744, 0.03776493,
       0.03352601, 0.03159923, 0.03044316, 0.03391137, 0.0327553 ,
       0.03391137, 0.04046243, 0.03660886, 0.02736031, 0.02312139,
       0.02042389, 0.01657033, 0.00770713, 0.00462428, 0.00308285])]
[array([0.00291545, 0.00749688, 0.01541025, 0.01249479, 0.01582674,
       0.02165764, 0.02665556, 0.02582257, 0.02665556, 0.03415244,
       0.03748438, 0.0362349 , 0.03498542, 0.03082049, 0.03331945,
       0.03540192, 0.02082466, 0.01665973, 0.01665973, 0.01166181,
       0.00999584, 0.00791337, 0.00291545, 0.00541441, 0.0120783 ,
       0.01499375, 0.01624323, 0.02582257, 0.01999167, 0.030404  ,
       0.02665556, 0.03706789, 0.03498542, 0.04039983, 0.0362349 ,
       0.02998751, 0.030404  , 0.03748438, 0.03165348, 0.02790504,
       0.0241566 , 0.01665973, 0.01166181, 0.00416493, 0.00166597])]
[array([0.00291545, 0.00749688, 0.01541025, 0.01249479, 0.01582674,
       0.02165764, 0.02665556, 0.02582257, 0.02665556, 0.03415244,
       0.03748438, 0.0362349 , 0.03498542, 0.03082049, 0.03331945,
       0.03540192, 0.02082466, 0.01665973, 0.01665973, 0.01166181,
       0.00999584, 0.00791337, 0.00291545, 0.00541441, 0.0120783 ,
       0.01499375, 0.01624323, 0.02582257, 0.01999167, 0.030404  ,
       0.02665556, 0.03706789, 0.03498542, 0.04039983, 0.0362349 ,
       0.02998751, 0.030404  , 0.03748438, 0.03165348, 0.02790504,
       0.0241566 , 0.01665973, 0.01166181, 0.00416493, 0.00166597])]
[array([0.00265252, 0.00707339, 0.00928382, 0.01414677, 0.02122016,
       0.0265252 , 0.02431477, 0.02961981, 0.03492485, 0.03006189,
       0.03580902, 0.03006189, 0.02873563, 0.02961981, 0.0331565 ,
       0.03006189, 0.02961981, 0.02343059, 0.01503095, 0.01768347,
       0.00795756, 0.00618921, 0.00132626, 0.00530504, 0.01149425,
       0.01768347, 0.02033599, 0.02387268, 0.02343059, 0.01812555,
       0.03492485, 0.03536693, 0.03625111, 0.03094607, 0.03580902,
       0.03625111, 0.03713528, 0.03580902, 0.02785146, 0.02475685,
       0.02077807, 0.01724138, 0.00884173, 0.00707339, 0.00221043])]
[array([0.0019975 , 0.00374532, 0.00674157, 0.00848939, 0.01398252,
       0.01498127, 0.01897628, 0.02921348, 0.03695381, 0.03995006,
       0.04594257, 0.05293383, 0.0536829 , 0.0454432 , 0.03520599,
       0.03071161, 0.01772784, 0.01697878, 0.01672909, 0.0082397 ,
       0.00774032, 0.00324594, 0.00124844, 0.00374532, 0.00424469,
       0.00799001, 0.00699126, 0.01523096, 0.02097378, 0.02322097,
       0.0349563 , 0.03570537, 0.043196  , 0.04694132, 0.04394507,
       0.04619226, 0.04069913, 0.03171036, 0.02247191, 0.02072409,
       0.01672909, 0.01048689, 0.00799001, 0.00399501, 0.00099875])]
[array([0.00154143, 0.00385356, 0.00770713, 0.01387283, 0.01310212,
       0.02312139, 0.02543353, 0.03159923, 0.03506744, 0.03159923,
       0.03583815, 0.03969171, 0.03583815, 0.03622351, 0.02581888,
       0.02581888, 0.0238921 , 0.01965318, 0.01579961, 0.0150289 ,
       0.00924855, 0.00423892, 0.00192678, 0.00308285, 0.00847784,
       0.01233141, 0.01425819, 0.02427746, 0.0265896 , 0.02543353,
       0.03622351, 0.04046243, 0.04200385, 0.03236994, 0.0416185 ,
       0.04084778, 0.0300578 , 0.03044316, 0.03121387, 0.02504817,
       0.02273603, 0.01849711, 0.01040462, 0.00539499, 0.00231214])]
[array([0.00084602, 0.00549915, 0.00888325, 0.01163283, 0.01755499,
       0.02686125, 0.03066836, 0.03024535, 0.02982234, 0.03785956,
       0.0429357 , 0.03426396, 0.0285533 , 0.02961083, 0.02939932,
       0.02982234, 0.03151438, 0.02474619, 0.02030457, 0.01374788,
       0.00676819, 0.00338409, 0.00211506, 0.00507614, 0.00951777,
       0.01163283, 0.01565144, 0.0215736 , 0.02347716, 0.02961083,
       0.03087986, 0.03257191, 0.04166667, 0.03003384, 0.02961083,
       0.02897631, 0.03764805, 0.03405245, 0.03236041, 0.02876481,
       0.02749577, 0.01480541, 0.00930626, 0.00613367, 0.00211506])]
[array([0.00172191, 0.00688765, 0.01420577, 0.01506672, 0.02066294,
       0.02195437, 0.02582867, 0.02367628, 0.02970297, 0.02927249,
       0.03400775, 0.03228584, 0.02927249, 0.03142488, 0.02367628,
       0.03056393, 0.02625915, 0.02625915, 0.02023246, 0.01033147,
       0.00990099, 0.00516573, 0.00086096, 0.00430478, 0.00860956,
       0.01894102, 0.01635816, 0.01894102, 0.03228584, 0.03831253,
       0.03616014, 0.04175635, 0.03572966, 0.03271632, 0.03788205,
       0.0348687 , 0.03056393, 0.03443823, 0.02927249, 0.02109341,
       0.01463625, 0.01764959, 0.0154972 , 0.0077486 , 0.00301334])]
[array([0.00198059, 0.00693207, 0.00990295, 0.0164389 , 0.02099426,
       0.02158843, 0.02337096, 0.03030303, 0.03822539, 0.04337493,
       0.03743316, 0.04099822, 0.03129333, 0.0362448 , 0.02673797,
       0.02931274, 0.01940978, 0.01861755, 0.01386413, 0.01188354,
       0.00970489, 0.00475342, 0.00039612, 0.00633789, 0.00950683,
       0.0120816 , 0.01525054, 0.0198059 , 0.02158843, 0.02614379,
       0.02693603, 0.03446227, 0.03842345, 0.04297881, 0.03881957,
       0.03862151, 0.03763121, 0.03545256, 0.03010497, 0.02257873,
       0.0164389 , 0.01386413, 0.01029907, 0.00732818, 0.00158447])]
[array([0.00082508, 0.00474422, 0.00948845, 0.00969472, 0.01650165,
       0.02413366, 0.02145215, 0.02784653, 0.0365099 , 0.03919142,
       0.04207921, 0.04084158, 0.04125413, 0.03981023, 0.03320957,
       0.02743399, 0.02619637, 0.01629538, 0.01526403, 0.01216997,
       0.0084571 , 0.00412541, 0.00061881, 0.00309406, 0.00577558,
       0.01134488, 0.017533  , 0.02433993, 0.02413366, 0.0330033 ,
       0.03444719, 0.0365099 , 0.04166667, 0.03939769, 0.04022277,
       0.04042904, 0.03279703, 0.03754125, 0.02392739, 0.01959571,
       0.01320132, 0.00969472, 0.00721947, 0.00453795, 0.00144389])]
[array([0.00082508, 0.00474422, 0.00948845, 0.00969472, 0.01650165,
       0.02413366, 0.02145215, 0.02784653, 0.0365099 , 0.03919142,
       0.04207921, 0.04084158, 0.04125413, 0.03981023, 0.03320957,
       0.02743399, 0.02619637, 0.01629538, 0.01526403, 0.01216997,
       0.0084571 , 0.00412541, 0.00061881, 0.00309406, 0.00577558,
       0.01134488, 0.017533  , 0.02433993, 0.02413366, 0.0330033 ,
       0.03444719, 0.0365099 , 0.04166667, 0.03939769, 0.04022277,
       0.04042904, 0.03279703, 0.03754125, 0.02392739, 0.01959571,
       0.01320132, 0.00969472, 0.00721947, 0.00453795, 0.00144389])]
[array([0.00215332, 0.00344531, 0.00753661, 0.01507321, 0.0170112 ,
       0.01744186, 0.0286391 , 0.03423773, 0.03445306, 0.03402239,
       0.04263566, 0.04435831, 0.04371232, 0.03380706, 0.03036176,
       0.02993109, 0.02002584, 0.01722653, 0.01270457, 0.0081826 ,
       0.00839793, 0.00344531, 0.00129199, 0.0040913 , 0.00710594,
       0.01485788, 0.01421189, 0.01851852, 0.02088717, 0.02906977,
       0.03122308, 0.03531438, 0.03445306, 0.041559  , 0.03725237,
       0.04737295, 0.04048234, 0.03229974, 0.02648579, 0.02540913,
       0.02067183, 0.01162791, 0.00925926, 0.00538329, 0.00236865])]
[array([0.00140598, 0.00445226, 0.00820152, 0.01077914, 0.01534856,
       0.02062097, 0.02624487, 0.03315759, 0.03936731, 0.0417106 ,
       0.04417106, 0.04698301, 0.04276508, 0.04089045, 0.03678969,
       0.02776801, 0.02190978, 0.01827768, 0.01476274, 0.01113064,
       0.00620972, 0.00304628, 0.00070299, 0.00234329, 0.00550674,
       0.00984183, 0.01300527, 0.0172232 , 0.02026948, 0.02893966,
       0.03725835, 0.03760984, 0.04217926, 0.04112478, 0.03960164,
       0.03421207, 0.03632103, 0.02753368, 0.02659637, 0.01933216,
       0.01851201, 0.01113064, 0.00855302, 0.00503808, 0.00117165])]
[array([0.00086368, 0.00143947, 0.0048942 , 0.00690946, 0.01108392,
       0.01842522, 0.02591046, 0.03325176, 0.04160069, 0.05095725,
       0.0532604 , 0.05441198, 0.04764647, 0.0413128 , 0.03598676,
       0.02216784, 0.01626601, 0.01338707, 0.00878077, 0.00647762,
       0.00302289, 0.00201526, 0.00043184, 0.00273499, 0.00518209,
       0.00791709, 0.00964445, 0.01252339, 0.02044048, 0.03210019,
       0.03497913, 0.04318411, 0.04807831, 0.05729092, 0.05455592,
       0.04116885, 0.03569886, 0.02878941, 0.02245574, 0.01597812,
       0.01050813, 0.00719735, 0.00561393, 0.00273499, 0.00071974])]
[array([0.00140598, 0.00445226, 0.00820152, 0.01077914, 0.01534856,
       0.02062097, 0.02624487, 0.03315759, 0.03936731, 0.0417106 ,
       0.04417106, 0.04698301, 0.04276508, 0.04089045, 0.03678969,
       0.02776801, 0.02190978, 0.01827768, 0.01476274, 0.01113064,
       0.00620972, 0.00304628, 0.00070299, 0.00234329, 0.00550674,
       0.00984183, 0.01300527, 0.0172232 , 0.02026948, 0.02893966,
       0.03725835, 0.03760984, 0.04217926, 0.04112478, 0.03960164,
       0.03421207, 0.03632103, 0.02753368, 0.02659637, 0.01933216,
       0.01851201, 0.01113064, 0.00855302, 0.00503808, 0.00117165])]
[array([0.00176104, 0.0046058 , 0.00745056, 0.01151449, 0.01259821,
       0.02018423, 0.02844758, 0.02966676, 0.03711731, 0.04199404,
       0.0444324 , 0.0471417 , 0.04808995, 0.03874289, 0.03034408,
       0.02506096, 0.02059063, 0.01747494, 0.01259821, 0.00785695,
       0.00663777, 0.00298022, 0.00054186, 0.00216743, 0.00568952,
       0.01015985, 0.01137903, 0.01639122, 0.0226226 , 0.02235167,
       0.0333243 , 0.04091032, 0.04592251, 0.0513411 , 0.04971552,
       0.03955568, 0.03914928, 0.03278244, 0.02492549, 0.01910051,
       0.01300461, 0.01002438, 0.00677323, 0.00379301, 0.00108372])]
[array([0.00144535, 0.00325203, 0.00831075, 0.01156278, 0.01192412,
       0.01824752, 0.02800361, 0.02926829, 0.03794038, 0.04462511,
       0.04317977, 0.04896116, 0.04046974, 0.03613369, 0.033243  ,
       0.02908762, 0.02402891, 0.01915086, 0.01445348, 0.00885276,
       0.00740741, 0.00216802, 0.00072267, 0.00487805, 0.0063234 ,
       0.00939476, 0.01842818, 0.02222222, 0.01915086, 0.0263776 ,
       0.03197832, 0.03685637, 0.03685637, 0.04227642, 0.04281843,
       0.03974706, 0.03866305, 0.03468835, 0.02908762, 0.0200542 ,
       0.01860885, 0.01011743, 0.00578139, 0.00234869, 0.00090334])]
[array([0.00072569, 0.00399129, 0.00544267, 0.01088534, 0.01269956,
       0.02158926, 0.02830189, 0.03120464, 0.03846154, 0.04227141,
       0.04843977, 0.04408563, 0.04481132, 0.04190856, 0.03029753,
       0.02685051, 0.01959361, 0.01415094, 0.01070392, 0.01015965,
       0.00544267, 0.00217707, 0.00090711, 0.00253991, 0.00526125,
       0.01034107, 0.01614659, 0.01560232, 0.0243106 , 0.02902758,
       0.03465167, 0.03991292, 0.03555878, 0.04571843, 0.04535559,
       0.04426705, 0.03174891, 0.03011611, 0.02576197, 0.01923077,
       0.01959361, 0.0137881 , 0.00870827, 0.00598694, 0.00126996])]
[array([0.00144535, 0.00325203, 0.00831075, 0.01156278, 0.01192412,
       0.01824752, 0.02800361, 0.02926829, 0.03794038, 0.04462511,
       0.04317977, 0.04896116, 0.04046974, 0.03613369, 0.033243  ,
       0.02908762, 0.02402891, 0.01915086, 0.01445348, 0.00885276,
       0.00740741, 0.00216802, 0.00072267, 0.00487805, 0.0063234 ,
       0.00939476, 0.01842818, 0.02222222, 0.01915086, 0.0263776 ,
       0.03197832, 0.03685637, 0.03685637, 0.04227642, 0.04281843,
       0.03974706, 0.03866305, 0.03468835, 0.02908762, 0.0200542 ,
       0.01860885, 0.01011743, 0.00578139, 0.00234869, 0.00090334])]
[array([0.00129702, 0.00551232, 0.00886295, 0.01178124, 0.01437527,
       0.01707739, 0.02248163, 0.02821012, 0.03015564, 0.03588413,
       0.04161262, 0.04431474, 0.04431474, 0.0396671 , 0.03782966,
       0.03393861, 0.02399481, 0.0163208 , 0.01729356, 0.00961954,
       0.00626891, 0.00248595, 0.00086468, 0.00302637, 0.00572849,
       0.00875486, 0.01297017, 0.01761781, 0.01999568, 0.02237354,
       0.02939905, 0.0375054 , 0.0410722 , 0.04355815, 0.04917856,
       0.04172071, 0.03923476, 0.0346952 , 0.02842629, 0.02356247,
       0.01815824, 0.01318634, 0.00929529, 0.00464764, 0.00172936])]
