[0.25859697 0.29779917 0.32943604 0.40646492 0.32806052 0.37689133
 0.43878955 0.40715268 0.60316369 0.67744154 0.67331499 0.74071527
 0.8610729  0.98624484 1.         0.70976616 0.64924347 0.29986245
 0.43259972 0.36244842 0.4607978  0.3301238  0.29711142 0.1781293
 0.16964695 0.19669876 0.39408528 0.73383769 0.47317744 0.48899587
 0.50481431 0.64786795 0.66781293 0.76685007 0.67950481 0.78129298
 0.47799175 0.3562586  0.14099037 0.22489684 0.1568088  0.10201742
 0.20770289 0.15818432 0.13220235]
[0.68446602 0.52815534 0.60873786 0.4592233  0.58640777 0.58640777
 0.75825243 0.63786408 0.77572816 0.61165049 0.64368932 0.86990291
 0.95825243 0.87184466 0.57281553 0.63786408 0.49223301 0.57864078
 0.44660194 0.4776699  0.20679612 0.53786408 0.52038835 0.5961165
 0.44466019 0.39126214 0.45631068 0.77475728 1.         0.98252427
 0.91262136 0.7407767  0.71262136 0.51650485 0.84951456 0.75436893
 0.71747573 0.73009709 0.5961165  0.39417476 0.69417476 0.51650485
 0.6592233  0.39708738 0.4407767 ]
[0.49349882 0.09751773 0.32978723 0.48670213 0.2393617  0.51994681
 0.30585106 0.61037234 0.428487   0.75       0.60239362 0.70079787
 0.25797872 0.66223404 0.77659574 0.75930851 0.41755319 0.28590426
 0.18118351 0.18118351 0.39007092 0.19060284 0.15514184 0.44642857
 0.41888298 0.0731383  0.34131206 0.15691489 0.19414894 0.46985816
 0.26595745 0.34574468 0.39494681 0.8231383  0.63962766 0.54964539
 1.         0.75797872 0.625      0.48005319 0.34441489 0.21010638
 0.27260638 0.39893617 0.29698582]
[0.46264368 0.23275862 0.72988506 0.48965517 0.62068966 0.70114943
 0.87758621 0.40689655 0.39655172 0.74482759 0.66724138 0.58448276
 0.48275862 0.50766284 0.15948276 0.39655172 0.19310345 0.74568966
 0.43678161 1.         0.98965517 0.53965517 0.28448276 0.25
 0.         0.23275862 0.39655172 0.3045977  0.57758621 0.36699507
 0.4454023  0.348659   0.35344828 0.4612069  0.41551724 0.38505747
 0.33405172 0.82931034 0.37586207 0.7637931  0.44482759 0.23793103
 0.41810345 0.47988506 0.43965517]
[0.42635659 0.35400517 0.47803618 0.61369509 0.5994832  0.75710594
 0.97803618 0.48449612 0.71059432 0.6498708  0.51162791 0.65116279
 0.88630491 0.69767442 0.60981912 0.54005168 0.45090439 0.32041344
 1.         0.39244186 0.3258685  0.33591731 0.4496124  0.37611255
 0.54694229 0.22394488 0.41487224 0.66020672 0.52842377 0.250323
 0.37596899 0.16925065 0.13953488 0.39621016 0.36175711 0.59302326
 0.82299742 0.65116279 0.51808786 0.48320413 0.66076043 0.34366925
 0.25452196 0.27500923 0.24547804]
[0.30145704 0.36928488 0.34349355 0.31848378 0.38491598 0.34127915
 0.4056272  0.51817116 0.39742087 0.58499414 1.         0.67057444
 0.55568581 0.32825322 0.54747948 0.8077374  0.60700795 0.44548652
 0.56740914 0.53223916 0.27549824 0.31318037 0.64126612 0.42321219
 0.35990621 0.46014068 0.26143025 0.43845252 0.39566237 0.68464244
 0.30648133 0.45955451 0.46541618 0.23094959 0.62485346 0.51465416
 0.61664713 0.62602579 0.87690504 0.39390387 0.4073857  0.45369285
 0.33880422 0.32678781 0.34388433]
[0.30145704 0.36928488 0.34349355 0.31848378 0.38491598 0.34127915
 0.4056272  0.51817116 0.39742087 0.58499414 1.         0.67057444
 0.55568581 0.32825322 0.54747948 0.8077374  0.60700795 0.44548652
 0.56740914 0.53223916 0.27549824 0.31318037 0.64126612 0.42321219
 0.35990621 0.46014068 0.26143025 0.43845252 0.39566237 0.68464244
 0.30648133 0.45955451 0.46541618 0.23094959 0.62485346 0.51465416
 0.61664713 0.62602579 0.87690504 0.39390387 0.4073857  0.45369285
 0.33880422 0.32678781 0.34388433]
[0.37251656 0.56364974 0.68609272 1.         0.78675497 0.34966887
 0.3103122  0.73377483 0.37880795 0.68211921 0.70860927 0.16953642
 0.26324503 0.54083885 0.28145695 0.57119205 0.62781457 0.32284768
 0.22119205 0.63311258 0.38789026 0.74550615 0.55364238 0.45198675
 0.75496689 0.50662252 0.4781457  0.34815516 0.25827815 0.05960265
 0.32615894 0.44701987 0.16997792 0.31258278 0.65827815 0.36258278
 0.30652791 0.58278146 0.10596026 0.2807947  0.24503311 0.39293598
 0.41854305 0.47682119 0.54834437]
[0.33599089 0.19077449 0.16324981 0.1594533  0.31890661 0.36332574
 0.36446469 0.4977221  0.67084282 0.84396355 0.87585421 0.85193622
 0.83712984 0.92482916 0.7904328  0.66742597 0.48974943 0.36319919
 0.48405467 0.38496583 0.3690205  0.29726651 0.29384966 0.2424341
 0.14350797 0.25341686 0.50113895 0.69134396 0.41116173 0.42938497
 0.37243736 0.80410023 0.67312073 0.89635535 0.85307517 0.96924829
 1.         0.90774487 0.53758542 0.56036446 0.65261959 0.5808656
 0.55808656 0.24677297 0.45444191]
[0.17099057 0.34871968 0.21816038 0.39858491 0.43278302 0.46580189
 0.55188679 0.78537736 1.         0.72877358 0.72641509 0.91037736
 0.97641509 0.84787736 0.80188679 0.32193396 0.38409704 0.56132075
 0.64504717 0.42334906 0.44339623 0.43189858 0.44680294 0.39504717
 0.3432914  0.50117925 0.25943396 0.42688679 0.57783019 0.58136792
 0.48349057 0.30306604 0.41745283 0.59551887 0.71462264 0.54363208
 0.54599057 0.28537736 0.4740566  0.25419287 0.82900943 0.6745283
 0.46226415 0.35246331 0.26886792]
[0.33490319 0.22850166 0.2700157  0.45002616 0.56776557 0.40816327
 0.70800628 0.76766091 0.69858713 0.67503925 0.48508634 0.37990581
 0.31711146 0.71271586 0.66562009 0.55729984 0.76452119 0.59968603
 0.566719   0.20879121 0.29984301 0.3689168  0.51177394 0.41915228
 0.36455608 0.47095761 0.40659341 0.5400314  0.62166405 0.32182104
 0.59811617 0.51962323 0.71899529 0.47252747 0.6043956  0.53532182
 0.49338417 0.49607535 1.         0.60125589 0.27629513 0.44583987
 0.29199372 0.4144427  0.30455259]
[0.90909091 0.9423135  0.86257928 0.66596195 0.3875969  0.45806906
 0.96194503 0.80972516 0.64364576 0.66384778 0.79281184 0.72727273
 0.78858351 0.83509514 0.96617336 0.69556025 0.36997886 0.89217759
 0.5602537  0.90697674 0.7167019  0.51344005 0.53558844 0.54968288
 0.52854123 0.44045102 0.67653277 0.33591731 0.40591966 0.30655391
 0.22198732 0.50739958 0.57928118 0.54028659 0.58562368 0.7589852
 0.8641649  1.         0.71035941 0.90486258 0.60887949 0.79633545
 0.68710359 0.8339206  0.83773784]
[0.5199241  0.31986988 0.5426945  0.58586338 0.57495256 0.32068311
 0.4402277  0.5142315  0.58064516 0.86148008 0.78747628 0.70588235
 0.35483871 0.65654649 0.57874763 0.73814042 0.39089184 0.56214421
 0.42314991 0.51043643 0.59203036 0.76850095 0.80075901 0.84250474
 0.80265655 1.         0.14421252 0.47860004 0.33965844 0.41176471
 0.38519924 0.61669829 0.42457306 0.57685009 0.85199241 0.42504744
 0.56356736 0.75142315 0.5483871  0.65085389 0.28462998 0.5028463
 0.60088552 0.53320683 0.37318153]
[0.32533013 0.24009604 0.37815126 0.22675737 0.65546218 0.55822329
 0.65066026 0.69747899 0.63265306 0.90756303 0.99279712 0.87635054
 1.         0.77070828 0.727491   0.54141657 0.515006   0.32533013
 0.28571429 0.22809124 0.17206883 0.40130338 0.26277178 0.20528211
 0.3697479  0.17340269 0.56062425 0.53181273 0.60264106 0.58223289
 0.39495798 0.67226891 0.60984394 0.65186074 0.78031212 0.78871549
 0.70468187 0.71668667 0.93157263 0.6182473  0.31932773 0.48739496
 0.59183673 0.38415366 0.2605042 ]
[0.32533013 0.24009604 0.37815126 0.22675737 0.65546218 0.55822329
 0.65066026 0.69747899 0.63265306 0.90756303 0.99279712 0.87635054
 1.         0.77070828 0.727491   0.54141657 0.515006   0.32533013
 0.28571429 0.22809124 0.17206883 0.40130338 0.26277178 0.20528211
 0.3697479  0.17340269 0.56062425 0.53181273 0.60264106 0.58223289
 0.39495798 0.67226891 0.60984394 0.65186074 0.78031212 0.78871549
 0.70468187 0.71668667 0.93157263 0.6182473  0.31932773 0.48739496
 0.59183673 0.38415366 0.2605042 ]
[0.16047297 0.14358108 0.2972973  0.39977477 0.29842342 0.45608108
 0.52815315 0.3277027  0.39752252 0.36373874 0.73310811 0.73648649
 0.81531532 0.52364865 0.625      0.80855856 0.53040541 0.28716216
 0.21396396 0.17392392 0.32545045 0.18822394 0.06193694 0.16216216
 0.8490991  0.78941441 0.30655656 0.41779279 0.66328829 0.53153153
 0.63738739 0.51689189 0.49099099 0.59121622 0.67567568 1.
 0.36824324 0.41328829 0.35247748 0.33333333 0.17595721 0.14864865
 0.15653153 0.35698198 0.26651652]
[0.23380727 0.03949447 0.17693523 0.26680709 0.24960506 0.20361594
 0.25276461 0.32543444 0.34913112 0.37440758 0.44707741 0.40758294
 0.47077409 0.24091627 0.23696682 0.18957346 0.39652449 0.16192733
 0.24960506 0.33333333 0.43127962 0.41600843 0.21214173 0.21327014
 0.19944708 0.26698262 0.38546603 0.17640864 0.27962085 0.50078989
 0.61611374 0.73617694 0.89415482 1.         0.72195893 0.41548183
 0.25592417 0.20537125 0.27307606 0.34913112 0.18562401 0.23696682
 0.24684044 0.164297   0.25671406]
[0.36585366 0.3902439  0.69918699 0.         0.03658537 0.59512195
 0.32195122 0.38753388 0.34146341 0.1402439  0.33797909 0.16097561
 0.28292683 0.53658537 0.53252033 0.29268293 0.12195122 0.
 0.34634146 0.75609756 0.30487805 0.41463415 0.         0.04878049
 0.46341463 0.         0.3597561  0.2195122  0.25203252 0.26341463
 0.40243902 0.25       0.37073171 0.27439024 0.42160279 0.29268293
 1.         0.46341463 0.31707317 0.1097561  0.         0.09756098
 0.65853659 0.15853659 0.        ]
[0.23380727 0.03949447 0.17693523 0.26680709 0.24960506 0.20361594
 0.25276461 0.32543444 0.34913112 0.37440758 0.44707741 0.40758294
 0.47077409 0.24091627 0.23696682 0.18957346 0.39652449 0.16192733
 0.24960506 0.33333333 0.43127962 0.41600843 0.21214173 0.21327014
 0.19944708 0.26698262 0.38546603 0.17640864 0.27962085 0.50078989
 0.61611374 0.73617694 0.89415482 1.         0.72195893 0.41548183
 0.25592417 0.20537125 0.27307606 0.34913112 0.18562401 0.23696682
 0.24684044 0.164297   0.25671406]
[0.33974359 0.46794872 0.55288462 0.43076923 0.49230769 0.57115385
 0.36538462 0.51538462 0.43076923 0.19038462 0.57692308 0.68653846
 0.63461538 1.         0.47836538 0.98461538 0.80769231 0.31623932
 0.89010989 0.30961538 0.89230769 0.51346154 0.70192308 0.2
 0.58846154 0.43956044 0.42307692 0.42788462 0.35164835 0.21394231
 0.27115385 0.74615385 0.89807692 0.81730769 0.71730769 0.61346154
 0.53461538 0.375      0.48076923 0.51282051 0.52197802 0.46367521
 0.34615385 0.41208791 0.2542735 ]
[0.51515152 0.21212121 0.3030303  0.15151515 0.06060606 0.28787879
 0.3030303  0.20707071 0.18181818 0.5959596  0.55050505 0.49393939
 0.43434343 0.         0.53535354 1.         0.33333333 0.
 0.13636364 0.         0.03030303 0.07575758 0.09090909 0.48484848
 0.15151515 0.37878788 0.4969697  0.32121212 0.21212121 0.21212121
 0.67676768 0.38787879 0.65656566 0.30639731 0.22727273 0.38383838
 0.22727273 0.18181818 0.57575758 0.27272727 0.93939394 0.07575758
 0.18181818 0.06060606 0.        ]
[0.87301587 0.03174603 0.14285714 0.31746032 0.63492063 0.21164021
 0.37698413 0.         0.21587302 0.55555556 0.27301587 0.24943311
 0.37389771 0.4952381  0.51851852 0.47619048 0.68253968 0.50793651
 0.4021164  0.15873016 0.10582011 0.27865961 0.         0.68253968
 0.63492063 0.3452381  0.32804233 0.59259259 0.24867725 0.7015873
 0.41269841 0.76719577 0.44444444 0.47936508 0.11111111 0.35714286
 1.         0.22222222 0.15079365 0.38095238 0.71428571 0.33333333
 0.38095238 0.4973545  0.        ]
[0.51515152 0.21212121 0.3030303  0.15151515 0.06060606 0.28787879
 0.3030303  0.20707071 0.18181818 0.5959596  0.55050505 0.49393939
 0.43434343 0.         0.53535354 1.         0.33333333 0.
 0.13636364 0.         0.03030303 0.07575758 0.09090909 0.48484848
 0.15151515 0.37878788 0.4969697  0.32121212 0.21212121 0.21212121
 0.67676768 0.38787879 0.65656566 0.30639731 0.22727273 0.38383838
 0.22727273 0.18181818 0.57575758 0.27272727 0.93939394 0.07575758
 0.18181818 0.06060606 0.        ]
[0.         0.16734694 0.46938776 0.32653061 0.1377551  0.26530612
 0.07142857 0.33061224 0.22857143 0.19591837 0.43673469 0.35918367
 0.32244898 0.39183673 0.3537415  0.39387755 0.23214286 0.39650146
 0.41836735 0.18367347 0.17687075 0.19047619 0.         0.2585034
 0.50340136 0.25364431 0.28571429 0.34693878 0.37755102 0.31020408
 0.24897959 0.16836735 0.17201166 0.20153061 0.14897959 0.23061224
 0.21020408 0.24693878 0.22193878 0.14285714 0.46938776 0.02040816
 0.15451895 0.31836735 1.        ]
