[array([0.        , 0.00030798, 0.00708346, 0.00831537, 0.0144749 ,
       0.01724669, 0.0289498 , 0.03356945, 0.03603326, 0.04465661,
       0.05050816, 0.05050816, 0.04835233, 0.06128734, 0.05728365,
       0.05235602, 0.05204804, 0.05635972, 0.0486603 , 0.04250077,
       0.0381891 , 0.04527256, 0.03510933, 0.03018171, 0.02740992,
       0.02402217, 0.02186634, 0.01940253, 0.01231906, 0.0104712 ,
       0.01231906, 0.00646751, 0.00615953, 0.00030798, 0.        ,
       0.        , 0.        , 0.        , 0.        , 0.        ,
       0.        , 0.        , 0.        , 0.        , 0.        ,
       0.        , 0.        , 0.        , 0.        , 0.        ,
       0.        , 0.        , 0.        , 0.        , 0.        ,
       0.        , 0.        , 0.        , 0.        , 0.        ,
       0.        , 0.        , 0.        , 0.        , 0.        ,
       0.        , 0.        , 0.        , 0.        , 0.        ])]
[array([0.00029036, 0.00174216, 0.00522648, 0.0101626 , 0.02090592,
       0.02351916, 0.02729384, 0.03484321, 0.04152149, 0.04703833,
       0.04761905, 0.05778165, 0.05807201, 0.06416957, 0.05081301,
       0.06155633, 0.05545877, 0.04674797, 0.05255517, 0.04065041,
       0.04471545, 0.04239257, 0.03832753, 0.03222997, 0.02351916,
       0.01916376, 0.01509872, 0.01219512, 0.00667828, 0.00783972,
       0.00783972, 0.00203252, 0.        , 0.        , 0.        ,
       0.        , 0.        , 0.        , 0.        , 0.        ,
       0.        , 0.        , 0.        , 0.        , 0.        ,
       0.        , 0.        , 0.        , 0.        , 0.        ,
       0.        , 0.        , 0.        , 0.        , 0.        ,
       0.        , 0.        , 0.        , 0.        , 0.        ,
       0.        , 0.        , 0.        , 0.        , 0.        ,
       0.        , 0.        , 0.        , 0.        , 0.        ])]
[array([0.        , 0.0005015 , 0.00451354, 0.00802407, 0.01454363,
       0.01755266, 0.01955868, 0.01855567, 0.04513541, 0.03410231,
       0.04162487, 0.0441324 , 0.05065196, 0.04663992, 0.05717151,
       0.05416249, 0.05315948, 0.04714142, 0.05416249, 0.05115346,
       0.03610832, 0.02908726, 0.03610832, 0.0336008 , 0.02657974,
       0.02657974, 0.0220662 , 0.02507523, 0.01755266, 0.01554664,
       0.01404213, 0.01654965, 0.00902708, 0.0115346 , 0.00501505,
       0.00651956, 0.00200602, 0.00451354, 0.        , 0.        ,
       0.        , 0.        , 0.        , 0.        , 0.        ,
       0.        , 0.        , 0.        , 0.        , 0.        ,
       0.        , 0.        , 0.        , 0.        , 0.        ,
       0.        , 0.        , 0.        , 0.        , 0.        ,
       0.        , 0.        , 0.        , 0.        , 0.        ,
       0.        , 0.        , 0.        , 0.        , 0.        ])]
[array([0.        , 0.00126689, 0.00548986, 0.01182432, 0.01815878,
       0.02238176, 0.02787162, 0.03589527, 0.04518581, 0.0472973 ,
       0.05405405, 0.06418919, 0.0629223 , 0.06587838, 0.06081081,
       0.05616554, 0.05785473, 0.05785473, 0.04856419, 0.04391892,
       0.03758446, 0.03758446, 0.02829392, 0.02407095, 0.01942568,
       0.02322635, 0.01266892, 0.00717905, 0.00844595, 0.00886824,
       0.00506757, 0.        , 0.        , 0.        , 0.        ,
       0.        , 0.        , 0.        , 0.        , 0.        ,
       0.        , 0.        , 0.        , 0.        , 0.        ,
       0.        , 0.        , 0.        , 0.        , 0.        ,
       0.        , 0.        , 0.        , 0.        , 0.        ,
       0.        , 0.        , 0.        , 0.        , 0.        ,
       0.        , 0.        , 0.        , 0.        , 0.        ,
       0.        , 0.        , 0.        , 0.        , 0.        ])]
[array([0.00038926, 0.00311405, 0.00817439, 0.01323472, 0.02569093,
       0.03347606, 0.04165045, 0.05410666, 0.05877773, 0.0653951 ,
       0.06344881, 0.07318023, 0.06811989, 0.0805761 , 0.05955625,
       0.06150253, 0.04710004, 0.04048268, 0.04048268, 0.0420397 ,
       0.03036201, 0.02569093, 0.01985208, 0.01557026, 0.01012067,
       0.00934216, 0.00544959, 0.00311405, 0.        , 0.        ,
       0.        , 0.        , 0.        , 0.        , 0.        ,
       0.        , 0.        , 0.        , 0.        , 0.        ,
       0.        , 0.        , 0.        , 0.        , 0.        ,
       0.        , 0.        , 0.        , 0.        , 0.        ,
       0.        , 0.        , 0.        , 0.        , 0.        ,
       0.        , 0.        , 0.        , 0.        , 0.        ,
       0.        , 0.        , 0.        , 0.        , 0.        ,
       0.        , 0.        , 0.        , 0.        , 0.        ])]
[array([0.        , 0.00210438, 0.00841751, 0.01641414, 0.0223064 ,
       0.04166667, 0.04250842, 0.04503367, 0.05429293, 0.06734007,
       0.06902357, 0.07323232, 0.0736532 , 0.06691919, 0.06228956,
       0.05639731, 0.05008418, 0.05050505, 0.04419192, 0.03324916,
       0.02693603, 0.02483165, 0.02104377, 0.01978114, 0.01136364,
       0.00799663, 0.00631313, 0.00210438, 0.        , 0.        ,
       0.        , 0.        , 0.        , 0.        , 0.        ,
       0.        , 0.        , 0.        , 0.        , 0.        ,
       0.        , 0.        , 0.        , 0.        , 0.        ,
       0.        , 0.        , 0.        , 0.        , 0.        ,
       0.        , 0.        , 0.        , 0.        , 0.        ,
       0.        , 0.        , 0.        , 0.        , 0.        ,
       0.        , 0.        , 0.        , 0.        , 0.        ,
       0.        , 0.        , 0.        , 0.        , 0.        ])]
[array([0.00042088, 0.003367  , 0.00841751, 0.01515152, 0.02693603,
       0.03282828, 0.03577441, 0.05345118, 0.05934343, 0.06397306,
       0.06860269, 0.06818182, 0.07407407, 0.06649832, 0.06734007,
       0.05387205, 0.05639731, 0.04461279, 0.0462963 , 0.04335017,
       0.02819865, 0.0223064 , 0.02104377, 0.01473064, 0.01220539,
       0.00883838, 0.00378788, 0.        , 0.        , 0.        ,
       0.        , 0.        , 0.        , 0.        , 0.        ,
       0.        , 0.        , 0.        , 0.        , 0.        ,
       0.        , 0.        , 0.        , 0.        , 0.        ,
       0.        , 0.        , 0.        , 0.        , 0.        ,
       0.        , 0.        , 0.        , 0.        , 0.        ,
       0.        , 0.        , 0.        , 0.        , 0.        ,
       0.        , 0.        , 0.        , 0.        , 0.        ,
       0.        , 0.        , 0.        , 0.        , 0.        ])]
[array([0.00044663, 0.0031264 , 0.00625279, 0.00893256, 0.01473872,
       0.02545779, 0.03081733, 0.03394372, 0.04868245, 0.05091559,
       0.05180884, 0.05806163, 0.07458687, 0.0527021 , 0.05806163,
       0.05538187, 0.06029477, 0.06163466, 0.0495757 , 0.03662349,
       0.04510942, 0.03751675, 0.03394372, 0.02635105, 0.02099151,
       0.01563198, 0.01205895, 0.00937919, 0.01027244, 0.00357302,
       0.00267977, 0.00044663, 0.        , 0.        , 0.        ,
       0.        , 0.        , 0.        , 0.        , 0.        ,
       0.        , 0.        , 0.        , 0.        , 0.        ,
       0.        , 0.        , 0.        , 0.        , 0.        ,
       0.        , 0.        , 0.        , 0.        , 0.        ,
       0.        , 0.        , 0.        , 0.        , 0.        ,
       0.        , 0.        , 0.        , 0.        , 0.        ,
       0.        , 0.        , 0.        , 0.        , 0.        ])]
[array([0.00050454, 0.0042886 , 0.01135217, 0.02674067, 0.03657921,
       0.05423814, 0.0580222 , 0.06104945, 0.07038345, 0.07517659,
       0.07114026, 0.07669021, 0.07214934, 0.06281534, 0.05499495,
       0.05171544, 0.0512109 , 0.03859738, 0.0332997 , 0.02674067,
       0.0221998 , 0.01513623, 0.01160444, 0.01135217, 0.00201816,
       0.        , 0.        , 0.        , 0.        , 0.        ,
       0.        , 0.        , 0.        , 0.        , 0.        ,
       0.        , 0.        , 0.        , 0.        , 0.        ,
       0.        , 0.        , 0.        , 0.        , 0.        ,
       0.        , 0.        , 0.        , 0.        , 0.        ,
       0.        , 0.        , 0.        , 0.        , 0.        ,
       0.        , 0.        , 0.        , 0.        , 0.        ,
       0.        , 0.        , 0.        , 0.        , 0.        ,
       0.        , 0.        , 0.        , 0.        , 0.        ])]
[array([0.        , 0.00155703, 0.00700662, 0.01362398, 0.02374465,
       0.03075127, 0.03542234, 0.04632153, 0.0564422 , 0.05449591,
       0.06072402, 0.06928766, 0.07356948, 0.06189179, 0.06578435,
       0.06150253, 0.05877773, 0.04710004, 0.0474893 , 0.03697937,
       0.03464383, 0.02763721, 0.02569093, 0.01985208, 0.01284547,
       0.00973141, 0.00973141, 0.0062281 , 0.00116777, 0.        ,
       0.        , 0.        , 0.        , 0.        , 0.        ,
       0.        , 0.        , 0.        , 0.        , 0.        ,
       0.        , 0.        , 0.        , 0.        , 0.        ,
       0.        , 0.        , 0.        , 0.        , 0.        ,
       0.        , 0.        , 0.        , 0.        , 0.        ,
       0.        , 0.        , 0.        , 0.        , 0.        ,
       0.        , 0.        , 0.        , 0.        , 0.        ,
       0.        , 0.        , 0.        , 0.        , 0.        ])]
[array([0.00106838, 0.00470085, 0.01517094, 0.03034188, 0.04038462,
       0.05619658, 0.06602564, 0.08183761, 0.08290598, 0.08333333,
       0.08974359, 0.0767094 , 0.0758547 , 0.06517094, 0.05384615,
       0.04893162, 0.03888889, 0.03333333, 0.01880342, 0.01666667,
       0.00918803, 0.00705128, 0.00384615, 0.        , 0.        ,
       0.        , 0.        , 0.        , 0.        , 0.        ,
       0.        , 0.        , 0.        , 0.        , 0.        ,
       0.        , 0.        , 0.        , 0.        , 0.        ,
       0.        , 0.        , 0.        , 0.        , 0.        ,
       0.        , 0.        , 0.        , 0.        , 0.        ,
       0.        , 0.        , 0.        , 0.        , 0.        ,
       0.        , 0.        , 0.        , 0.        , 0.        ,
       0.        , 0.        , 0.        , 0.        , 0.        ,
       0.        , 0.        , 0.        , 0.        , 0.        ])]
[array([0.00086994, 0.0060896 , 0.01826881, 0.03262288, 0.04349717,
       0.05306655, 0.0661157 , 0.07133536, 0.07785994, 0.07525011,
       0.0891692 , 0.09308395, 0.07177033, 0.06394084, 0.05306655,
       0.05002175, 0.03610265, 0.03131796, 0.0260983 , 0.01522401,
       0.0139191 , 0.00956938, 0.00173989, 0.        , 0.        ,
       0.        , 0.        , 0.        , 0.        , 0.        ,
       0.        , 0.        , 0.        , 0.        , 0.        ,
       0.        , 0.        , 0.        , 0.        , 0.        ,
       0.        , 0.        , 0.        , 0.        , 0.        ,
       0.        , 0.        , 0.        , 0.        , 0.        ,
       0.        , 0.        , 0.        , 0.        , 0.        ,
       0.        , 0.        , 0.        , 0.        , 0.        ,
       0.        , 0.        , 0.        , 0.        , 0.        ,
       0.        , 0.        , 0.        , 0.        , 0.        ])]
[array([0.00140056, 0.00640256, 0.01960784, 0.03201281, 0.04841937,
       0.06582633, 0.07623049, 0.08743497, 0.09163665, 0.08183273,
       0.08123249, 0.07983193, 0.06702681, 0.06942777, 0.04901961,
       0.04221689, 0.03761505, 0.02501   , 0.0170068 , 0.01360544,
       0.00720288, 0.        , 0.        , 0.        , 0.        ,
       0.        , 0.        , 0.        , 0.        , 0.        ,
       0.        , 0.        , 0.        , 0.        , 0.        ,
       0.        , 0.        , 0.        , 0.        , 0.        ,
       0.        , 0.        , 0.        , 0.        , 0.        ,
       0.        , 0.        , 0.        , 0.        , 0.        ,
       0.        , 0.        , 0.        , 0.        , 0.        ,
       0.        , 0.        , 0.        , 0.        , 0.        ,
       0.        , 0.        , 0.        , 0.        , 0.        ,
       0.        , 0.        , 0.        , 0.        , 0.        ])]
[array([0.        , 0.00333403, 0.00666806, 0.01583663, 0.02229631,
       0.02813086, 0.03834132, 0.0510523 , 0.05772036, 0.06647218,
       0.06459679, 0.07188998, 0.06647218, 0.07251511, 0.0689727 ,
       0.06126276, 0.05521984, 0.04855178, 0.04313399, 0.03479892,
       0.03542405, 0.02354657, 0.0206293 , 0.01416962, 0.01125234,
       0.00958533, 0.00583455, 0.00229214, 0.        , 0.        ,
       0.        , 0.        , 0.        , 0.        , 0.        ,
       0.        , 0.        , 0.        , 0.        , 0.        ,
       0.        , 0.        , 0.        , 0.        , 0.        ,
       0.        , 0.        , 0.        , 0.        , 0.        ,
       0.        , 0.        , 0.        , 0.        , 0.        ,
       0.        , 0.        , 0.        , 0.        , 0.        ,
       0.        , 0.        , 0.        , 0.        , 0.        ,
       0.        , 0.        , 0.        , 0.        , 0.        ])]
[array([0.00020838, 0.00291727, 0.00812669, 0.01583663, 0.0241717 ,
       0.03250677, 0.04250886, 0.0502188 , 0.05480308, 0.05792874,
       0.06918108, 0.06522192, 0.06751407, 0.07043134, 0.06418004,
       0.06751407, 0.0573036 , 0.04980204, 0.03604918, 0.03250677,
       0.03104814, 0.02646385, 0.01937904, 0.01708689, 0.01396124,
       0.01125234, 0.00854345, 0.00333403, 0.        , 0.        ,
       0.        , 0.        , 0.        , 0.        , 0.        ,
       0.        , 0.        , 0.        , 0.        , 0.        ,
       0.        , 0.        , 0.        , 0.        , 0.        ,
       0.        , 0.        , 0.        , 0.        , 0.        ,
       0.        , 0.        , 0.        , 0.        , 0.        ,
       0.        , 0.        , 0.        , 0.        , 0.        ,
       0.        , 0.        , 0.        , 0.        , 0.        ,
       0.        , 0.        , 0.        , 0.        , 0.        ])]
[array([0.00021753, 0.00348053, 0.00848379, 0.01631499, 0.02740918,
       0.0406787 , 0.0478573 , 0.05612356, 0.05786382, 0.06743528,
       0.06939308, 0.07939961, 0.07113335, 0.06547749, 0.06438982,
       0.05851642, 0.05351316, 0.0432891 , 0.0413313 , 0.03502284,
       0.02371112, 0.02066565, 0.01609745, 0.01326952, 0.00957146,
       0.00739613, 0.0019578 , 0.        , 0.        , 0.        ,
       0.        , 0.        , 0.        , 0.        , 0.        ,
       0.        , 0.        , 0.        , 0.        , 0.        ,
       0.        , 0.        , 0.        , 0.        , 0.        ,
       0.        , 0.        , 0.        , 0.        , 0.        ,
       0.        , 0.        , 0.        , 0.        , 0.        ,
       0.        , 0.        , 0.        , 0.        , 0.        ,
       0.        , 0.        , 0.        , 0.        , 0.        ,
       0.        , 0.        , 0.        , 0.        , 0.        ])]
[array([0.0008285 , 0.00698307, 0.01668837, 0.0295893 , 0.04604095,
       0.06024382, 0.07397325, 0.08367854, 0.0862824 , 0.07977275,
       0.08367854, 0.0763404 , 0.06888389, 0.06556989, 0.05408924,
       0.04355545, 0.03491537, 0.02603858, 0.0221328 , 0.01455794,
       0.01183572, 0.00816665, 0.00520772, 0.00094686, 0.        ,
       0.        , 0.        , 0.        , 0.        , 0.        ,
       0.        , 0.        , 0.        , 0.        , 0.        ,
       0.        , 0.        , 0.        , 0.        , 0.        ,
       0.        , 0.        , 0.        , 0.        , 0.        ,
       0.        , 0.        , 0.        , 0.        , 0.        ,
       0.        , 0.        , 0.        , 0.        , 0.        ,
       0.        , 0.        , 0.        , 0.        , 0.        ,
       0.        , 0.        , 0.        , 0.        , 0.        ,
       0.        , 0.        , 0.        , 0.        , 0.        ])]
[array([0.00087247, 0.01105133, 0.03169987, 0.05147593, 0.06383597,
       0.08361204, 0.1020794 , 0.106878  , 0.10498764, 0.09931656,
       0.08826523, 0.06965246, 0.054675  , 0.04478697, 0.03024575,
       0.02457467, 0.01643158, 0.00857932, 0.00610731, 0.00087247,
       0.        , 0.        , 0.        , 0.        , 0.        ,
       0.        , 0.        , 0.        , 0.        , 0.        ,
       0.        , 0.        , 0.        , 0.        , 0.        ,
       0.        , 0.        , 0.        , 0.        , 0.        ,
       0.        , 0.        , 0.        , 0.        , 0.        ,
       0.        , 0.        , 0.        , 0.        , 0.        ,
       0.        , 0.        , 0.        , 0.        , 0.        ,
       0.        , 0.        , 0.        , 0.        , 0.        ,
       0.        , 0.        , 0.        , 0.        , 0.        ,
       0.        , 0.        , 0.        , 0.        , 0.        ])]
[array([0.00094686, 0.00792993, 0.01633329, 0.03219316, 0.04225352,
       0.06320275, 0.07847082, 0.07823411, 0.08403361, 0.08344183,
       0.08320511, 0.08427033, 0.07172446, 0.05906024, 0.0500651 ,
       0.04154338, 0.03420523, 0.02686708, 0.01988401, 0.01704344,
       0.01195408, 0.00769322, 0.00532607, 0.00011836, 0.        ,
       0.        , 0.        , 0.        , 0.        , 0.        ,
       0.        , 0.        , 0.        , 0.        , 0.        ,
       0.        , 0.        , 0.        , 0.        , 0.        ,
       0.        , 0.        , 0.        , 0.        , 0.        ,
       0.        , 0.        , 0.        , 0.        , 0.        ,
       0.        , 0.        , 0.        , 0.        , 0.        ,
       0.        , 0.        , 0.        , 0.        , 0.        ,
       0.        , 0.        , 0.        , 0.        , 0.        ,
       0.        , 0.        , 0.        , 0.        , 0.        ])]
[array([0.00095785, 0.00424193, 0.01272578, 0.01765189, 0.0290093 ,
       0.03899836, 0.04748221, 0.06020799, 0.07047072, 0.07580733,
       0.07950192, 0.07813355, 0.07238643, 0.07361795, 0.06403941,
       0.05500821, 0.04980843, 0.03899836, 0.03448276, 0.02791461,
       0.02216749, 0.01491516, 0.01245211, 0.01039956, 0.00779967,
       0.00082102, 0.        , 0.        , 0.        , 0.        ,
       0.        , 0.        , 0.        , 0.        , 0.        ,
       0.        , 0.        , 0.        , 0.        , 0.        ,
       0.        , 0.        , 0.        , 0.        , 0.        ,
       0.        , 0.        , 0.        , 0.        , 0.        ,
       0.        , 0.        , 0.        , 0.        , 0.        ,
       0.        , 0.        , 0.        , 0.        , 0.        ,
       0.        , 0.        , 0.        , 0.        , 0.        ,
       0.        , 0.        , 0.        , 0.        , 0.        ])]
[array([0.00054755, 0.00547545, 0.01679139, 0.02956744, 0.04343858,
       0.06169009, 0.06388027, 0.07337105, 0.08413944, 0.07848147,
       0.08012411, 0.07592626, 0.06862566, 0.06333272, 0.05913488,
       0.0448987 , 0.04070086, 0.03084504, 0.02482205, 0.01971163,
       0.01350611, 0.0133236 , 0.00693557, 0.00073006, 0.        ,
       0.        , 0.        , 0.        , 0.        , 0.        ,
       0.        , 0.        , 0.        , 0.        , 0.        ,
       0.        , 0.        , 0.        , 0.        , 0.        ,
       0.        , 0.        , 0.        , 0.        , 0.        ,
       0.        , 0.        , 0.        , 0.        , 0.        ,
       0.        , 0.        , 0.        , 0.        , 0.        ,
       0.        , 0.        , 0.        , 0.        , 0.        ,
       0.        , 0.        , 0.        , 0.        , 0.        ,
       0.        , 0.        , 0.        , 0.        , 0.        ])]
[array([0.00201613, 0.00971408, 0.02914223, 0.04857038, 0.06873167,
       0.08980938, 0.10887097, 0.11052053, 0.09915689, 0.10227273,
       0.08925953, 0.06616569, 0.0518695 , 0.04215543, 0.02730938,
       0.01979472, 0.01594575, 0.01081378, 0.00623167, 0.00164956,
       0.        , 0.        , 0.        , 0.        , 0.        ,
       0.        , 0.        , 0.        , 0.        , 0.        ,
       0.        , 0.        , 0.        , 0.        , 0.        ,
       0.        , 0.        , 0.        , 0.        , 0.        ,
       0.        , 0.        , 0.        , 0.        , 0.        ,
       0.        , 0.        , 0.        , 0.        , 0.        ,
       0.        , 0.        , 0.        , 0.        , 0.        ,
       0.        , 0.        , 0.        , 0.        , 0.        ,
       0.        , 0.        , 0.        , 0.        , 0.        ,
       0.        , 0.        , 0.        , 0.        , 0.        ])]
[array([0.00036503, 0.00675306, 0.01715642, 0.03121007, 0.03978828,
       0.05530206, 0.0702683 , 0.07337105, 0.08267932, 0.08578208,
       0.08413944, 0.0775689 , 0.06515788, 0.06223763, 0.05402446,
       0.0472714 , 0.03796313, 0.03121007, 0.02609965, 0.01825151,
       0.01496623, 0.0109509 , 0.00657054, 0.00091258, 0.        ,
       0.        , 0.        , 0.        , 0.        , 0.        ,
       0.        , 0.        , 0.        , 0.        , 0.        ,
       0.        , 0.        , 0.        , 0.        , 0.        ,
       0.        , 0.        , 0.        , 0.        , 0.        ,
       0.        , 0.        , 0.        , 0.        , 0.        ,
       0.        , 0.        , 0.        , 0.        , 0.        ,
       0.        , 0.        , 0.        , 0.        , 0.        ,
       0.        , 0.        , 0.        , 0.        , 0.        ,
       0.        , 0.        , 0.        , 0.        , 0.        ])]
[array([0.0018561 , 0.01004476, 0.02533028, 0.047931  , 0.06463588,
       0.08428868, 0.09531608, 0.10121192, 0.10263129, 0.09837318,
       0.08767333, 0.06998581, 0.06168796, 0.04531062, 0.03755869,
       0.02412927, 0.01888852, 0.01135495, 0.00906212, 0.00272956,
       0.        , 0.        , 0.        , 0.        , 0.        ,
       0.        , 0.        , 0.        , 0.        , 0.        ,
       0.        , 0.        , 0.        , 0.        , 0.        ,
       0.        , 0.        , 0.        , 0.        , 0.        ,
       0.        , 0.        , 0.        , 0.        , 0.        ,
       0.        , 0.        , 0.        , 0.        , 0.        ,
       0.        , 0.        , 0.        , 0.        , 0.        ,
       0.        , 0.        , 0.        , 0.        , 0.        ,
       0.        , 0.        , 0.        , 0.        , 0.        ,
       0.        , 0.        , 0.        , 0.        , 0.        ])]
