[0.12376238 0.21452145 0.11138614 0.09075908 0.3630363  0.18564356
 0.15470297 0.32590759 0.39851485 0.64356436 0.23205446 0.4220297
 1.         0.97524752 0.7289604  0.5259901  0.21287129 0.25990099
 0.36509901 0.17574257 0.30321782 0.33292079 0.43688119 0.44678218
 0.0990099  0.         0.         0.20420792 0.41047855 0.78960396
 0.7289604  0.48514851 0.59529703 0.54579208 0.73762376 0.71039604
 0.4220297  0.34123055 0.4950495  0.55445545 0.61014851 0.56311881
 0.25990099 0.11138614 0.01237624]
[0.20928519 0.15352493 0.29476787 0.36551216 0.18644068 0.32424466
 0.29255711 0.41488578 0.26381724 0.43257185 0.56374355 0.34856301
 0.37140752 0.4119381  0.52542373 0.68754606 0.83419307 0.54384672
 0.62122329 0.21002211 0.40309506 0.14001474 0.25792189 0.39646279
 0.21002211 0.16120118 0.45983788 0.45099484 0.3743552  0.46278556
 0.27413412 0.37730287 0.3559322  0.25939573 0.53868828 0.73986735
 0.92630803 1.         0.80545321 0.61606485 0.24563989 0.27581851
 0.2321297  0.27593548 0.30140015]
[0.47957371 0.48549438 0.44404973 0.39964476 0.26287744 0.63055062
 0.59325044 0.39273732 0.53285968 1.         0.57548845 0.92539964
 0.47602131 0.95026643 0.76021314 0.58614565 0.73712256 0.76909414
 0.47513321 0.37596211 0.54766134 0.31438721 0.35523979 0.40186501
 0.40852575 0.42273535 0.13702106 0.39298401 0.41360061 0.46891652
 0.25310835 0.6625222  0.80284192 0.76376554 0.76909414 0.51154529
 0.60746004 0.41563055 0.4937833  0.27531083 0.330373   0.39076377
 0.37300178 0.44404973 0.13617525]
[0.46264368 0.23275862 0.72988506 0.48965517 0.62068966 0.70114943
 0.87758621 0.40689655 0.39655172 0.74482759 0.66724138 0.58448276
 0.48275862 0.50766284 0.15948276 0.39655172 0.19310345 0.74568966
 0.43678161 1.         0.98965517 0.53965517 0.28448276 0.25
 0.         0.23275862 0.39655172 0.3045977  0.57758621 0.36699507
 0.4454023  0.348659   0.35344828 0.4612069  0.41551724 0.38505747
 0.33405172 0.82931034 0.37586207 0.7637931  0.44482759 0.23793103
 0.41810345 0.47988506 0.43965517]
[0.39422326 0.60265418 0.62685402 0.58938329 0.48477752 0.42232631
 0.54176425 0.5058548  0.41373927 0.21389539 0.46135831 0.35519126
 0.18995576 0.07025761 0.45472287 0.80405933 0.07806401 0.14637002
 0.23711944 0.36690086 0.34582358 0.27010148 0.56908665 0.35519126
 0.74629196 0.85089774 0.78064012 1.         0.67525371 0.66198283
 0.41217799 0.20882123 0.27322404 0.21272443 0.12685402 0.32006245
 0.08977361 0.         0.19169052 0.1420765  0.24434036 0.29352069
 0.24434036 0.39344262 0.36690086]
[0.27909605 0.19460138 0.35819209 0.5819209  0.41920904 0.41949153
 0.33333333 0.3480226  0.46779661 0.80112994 0.69830508 0.61920904
 0.91751412 0.53753027 0.60564972 1.         0.97288136 0.55205811
 0.59435028 0.43926554 0.47206529 0.68220339 0.43644068 0.39548023
 0.03954802 0.21468927 0.51271186 0.50706215 0.51751412 0.42090395
 0.54689266 0.52768362 0.5740113  0.71977401 0.54689266 0.87118644
 0.56158192 0.29519774 0.46666667 0.64519774 0.31638418 0.28087167
 0.36384181 0.25423729 0.4960452 ]
[0.37251656 0.56364974 0.68609272 1.         0.78675497 0.34966887
 0.3103122  0.73377483 0.37880795 0.68211921 0.70860927 0.16953642
 0.26324503 0.54083885 0.28145695 0.57119205 0.62781457 0.32284768
 0.22119205 0.63311258 0.38789026 0.74550615 0.55364238 0.45198675
 0.75496689 0.50662252 0.4781457  0.34815516 0.25827815 0.05960265
 0.32615894 0.44701987 0.16997792 0.31258278 0.65827815 0.36258278
 0.30652791 0.58278146 0.10596026 0.2807947  0.24503311 0.39293598
 0.41854305 0.47682119 0.54834437]
[0.30933063 0.3356998  0.27270678 0.55780933 0.30223124 0.49391481
 0.37221095 0.61663286 0.78194726 0.76064909 0.7525355  0.75456389
 0.72312373 0.57099391 0.55375254 0.47565923 0.55679513 0.19523327
 0.26932612 0.43407708 0.40567951 0.14401623 0.32116295 0.32707911
 0.21399594 0.27281947 0.43407708 0.51521298 0.4168357  0.74239351
 0.50811359 0.63488844 1.         0.98782961 0.95436105 0.59533469
 0.44523327 0.3336714  0.30121704 0.20588235 0.43610548 0.51825558
 0.43835925 0.51611449 0.39046653]
[0.90909091 0.9423135  0.86257928 0.66596195 0.3875969  0.45806906
 0.96194503 0.80972516 0.64364576 0.66384778 0.79281184 0.72727273
 0.78858351 0.83509514 0.96617336 0.69556025 0.36997886 0.89217759
 0.5602537  0.90697674 0.7167019  0.51344005 0.53558844 0.54968288
 0.52854123 0.44045102 0.67653277 0.33591731 0.40591966 0.30655391
 0.22198732 0.50739958 0.57928118 0.54028659 0.58562368 0.7589852
 0.8641649  1.         0.71035941 0.90486258 0.60887949 0.79633545
 0.68710359 0.8339206  0.83773784]
[0.33490319 0.22850166 0.2700157  0.45002616 0.56776557 0.40816327
 0.70800628 0.76766091 0.69858713 0.67503925 0.48508634 0.37990581
 0.31711146 0.71271586 0.66562009 0.55729984 0.76452119 0.59968603
 0.566719   0.20879121 0.29984301 0.3689168  0.51177394 0.41915228
 0.36455608 0.47095761 0.40659341 0.5400314  0.62166405 0.32182104
 0.59811617 0.51962323 0.71899529 0.47252747 0.6043956  0.53532182
 0.49338417 0.49607535 1.         0.60125589 0.27629513 0.44583987
 0.29199372 0.4144427  0.30455259]
[0.33599089 0.19077449 0.16324981 0.1594533  0.31890661 0.36332574
 0.36446469 0.4977221  0.67084282 0.84396355 0.87585421 0.85193622
 0.83712984 0.92482916 0.7904328  0.66742597 0.48974943 0.36319919
 0.48405467 0.38496583 0.3690205  0.29726651 0.29384966 0.2424341
 0.14350797 0.25341686 0.50113895 0.69134396 0.41116173 0.42938497
 0.37243736 0.80410023 0.67312073 0.89635535 0.85307517 0.96924829
 1.         0.90774487 0.53758542 0.56036446 0.65261959 0.5808656
 0.55808656 0.24677297 0.45444191]
[0.58479532 0.3377193  0.36549708 0.6754386  0.65350877 0.29532164
 0.25689223 0.23879142 0.66374269 0.5877193  0.3245614  0.31980994
 0.42072775 0.79239766 1.         0.94152047 0.54239766 0.18421053
 0.44225146 0.30116959 0.62719298 0.57163743 0.60380117 0.32748538
 0.64181287 0.8128655  0.35087719 0.5994152  0.31432749 0.43233083
 0.27046784 0.34043442 0.56042885 0.19005848 0.46637427 0.44883041
 0.80116959 0.57163743 0.62317251 0.60818713 0.45321637 0.5497076
 0.48099415 0.51608187 0.87719298]
[0.16047297 0.14358108 0.2972973  0.39977477 0.29842342 0.45608108
 0.52815315 0.3277027  0.39752252 0.36373874 0.73310811 0.73648649
 0.81531532 0.52364865 0.625      0.80855856 0.53040541 0.28716216
 0.21396396 0.17392392 0.32545045 0.18822394 0.06193694 0.16216216
 0.8490991  0.78941441 0.30655656 0.41779279 0.66328829 0.53153153
 0.63738739 0.51689189 0.49099099 0.59121622 0.67567568 1.
 0.36824324 0.41328829 0.35247748 0.33333333 0.17595721 0.14864865
 0.15653153 0.35698198 0.26651652]
[0.55148342 0.58987784 0.7417103  0.58289703 0.71029668 0.63350785
 0.53752182 0.62652705 0.63350785 0.35602094 0.69808028 0.54624782
 0.67888307 1.         0.98603839 0.45026178 0.41710297 0.63699825
 0.54876866 0.72301172 0.45956952 0.58115183 0.20942408 0.59860384
 0.36649215 0.48691099 0.56369983 0.60732984 0.72774869 0.67713787
 0.63001745 0.60209424 0.84293194 0.66492147 0.63874346 0.53577661
 0.66492147 0.43436106 0.68062827 0.60558464 0.58464223 0.66317627
 0.55846422 0.52743843 0.63001745]
[0.22713864 0.22615536 0.21927237 0.31465093 0.24385447 0.69714848
 0.31760079 0.27728614 0.28613569 0.40019666 0.70993117 0.95476893
 1.         0.76007866 0.64208456 0.88888889 0.74729597 0.45722714
 0.30235988 0.1655195  0.31628974 0.1647001  0.2359882  0.08521796
 0.20771878 0.29891839 0.15978368 0.36184857 0.25270403 0.43854474
 0.3539823  0.34709931 0.55948869 0.56440511 0.69518191 0.70403147
 0.56833825 0.55850541 0.3294002  0.23303835 0.30088496 0.20157325
 0.20255654 0.23303835 0.21828909]
[0.73834586 0.93233083 0.86616541 0.69473684 0.90977444 1.
 0.7924812  0.69022556 0.43609023 0.29323308 0.52781955 0.57293233
 0.61503759 0.88421053 0.75639098 0.93684211 0.42556391 0.35789474
 0.73834586 0.96992481 0.79849624 0.42706767 0.4556391  0.37293233
 0.26315789 0.39766082 0.21954887 0.19381788 0.36390977 0.7037594
 0.60902256 0.53984962 0.50676692 0.7112782  0.58646617 0.59398496
 0.28571429 0.18796992 0.31278195 0.2887218  0.31244779 0.39285714
 0.45714286 0.36390977 0.62857143]
[0.51426426 0.54054054 0.5005005  0.6006006  0.51651652 0.47190047
 0.80780781 0.77777778 0.23523524 0.78378378 0.36636637 0.42042042
 0.47190047 0.65465465 0.38438438 0.29279279 0.28028028 0.74074074
 0.30780781 0.64564565 0.38288288 0.51801802 0.33033033 0.26426426
 0.95595596 0.48048048 0.96096096 0.65315315 0.33700367 0.52852853
 0.50750751 0.46921922 1.         0.29129129 0.75575576 0.64564565
 0.49924925 0.51718385 0.4984985  0.7987988  0.43543544 0.13513514
 0.59059059 0.29172029 0.52338052]
[0.38596491 0.42105263 0.52631579 0.3245614  0.31578947 0.15204678
 0.56578947 0.5497076  0.43274854 0.4502924  0.35588972 0.29385965
 0.56725146 0.75438596 0.5497076  0.43859649 0.29473684 0.52631579
 0.77192982 0.35087719 0.87719298 0.43859649 0.85964912 0.58245614
 0.37192982 0.28070175 0.61403509 0.45614035 0.38596491 0.5497076
 0.35789474 0.95739348 0.54636591 0.51754386 0.35789474 0.37280702
 0.36403509 0.6877193  0.80701754 0.25       0.40350877 1.
 0.46491228 0.66666667 0.1754386 ]
[0.33974359 0.46794872 0.55288462 0.43076923 0.49230769 0.57115385
 0.36538462 0.51538462 0.43076923 0.19038462 0.57692308 0.68653846
 0.63461538 1.         0.47836538 0.98461538 0.80769231 0.31623932
 0.89010989 0.30961538 0.89230769 0.51346154 0.70192308 0.2
 0.58846154 0.43956044 0.42307692 0.42788462 0.35164835 0.21394231
 0.27115385 0.74615385 0.89807692 0.81730769 0.71730769 0.61346154
 0.53461538 0.375      0.48076923 0.51282051 0.52197802 0.46367521
 0.34615385 0.41208791 0.2542735 ]
[0.60096154 0.60096154 0.39663462 0.28846154 0.36538462 0.64102564
 0.37259615 0.60096154 0.34855769 0.49793956 0.33052885 0.21634615
 0.40865385 0.35657051 0.22435897 0.32623626 0.19230769 0.3525641
 0.51282051 0.09615385 0.36057692 0.3125     0.04807692 0.36057692
 0.02403846 0.3125     0.18429487 0.16826923 0.40865385 0.37259615
 0.27644231 0.44711538 0.38995726 0.43028846 0.65144231 1.
 0.77403846 0.89903846 0.58894231 0.39663462 0.38461538 0.78125
 0.36057692 0.58173077 0.18269231]
[0.         0.         0.08888889 0.24444444 0.23555556 0.50277778
 0.49333333 0.51111111 0.46888889 0.61555556 0.59111111 0.46666667
 0.28888889 0.36296296 0.27111111 0.20740741 0.57777778 1.
 0.54814815 0.72222222 0.13333333 0.         0.         0.13333333
 0.4        0.05555556 0.         0.06666667 0.28888889 0.03703704
 0.31666667 0.32222222 0.27301587 0.18222222 0.16296296 0.17777778
 0.15555556 0.54074074 0.15555556 0.06666667 0.26666667 0.
 0.         0.14444444 0.33333333]
[0.22031824 0.16156671 0.31089351 0.26560588 0.21052632 0.26682987
 0.25826193 0.37698898 0.33292534 0.29130967 0.2374541  0.32680539
 0.27172583 0.2371481  0.33537332 0.21664627 0.29742962 0.18010142
 0.1872705  0.48102815 0.38678091 0.48347613 0.6119951  0.54467564
 0.62790698 0.61933905 0.51897185 0.45410037 0.51897185 0.43574051
 0.500612   0.72215422 0.95960832 1.         0.87760098 0.84455324
 0.80660955 0.62668299 0.27417381 0.26519788 0.34271726 0.41003672
 0.35087719 0.05303958 0.15911873]
[0.42045455 0.50568182 0.97272727 0.68181818 0.54545455 0.94545455
 0.64090909 0.39545455 0.46590909 0.38636364 0.52727273 0.60227273
 0.92727273 0.3        0.55113636 0.5        0.61363636 0.45454545
 0.34090909 0.18181818 0.80681818 0.40909091 1.         0.47727273
 0.36363636 0.31818182 0.5        0.65909091 0.33636364 0.6
 0.37012987 0.70909091 0.7        0.78181818 0.82727273 0.86363636
 0.36363636 0.76623377 0.49242424 0.27272727 0.33333333 0.
 0.72727273 0.36363636 0.48484848]
[0.22031824 0.16156671 0.31089351 0.26560588 0.21052632 0.26682987
 0.25826193 0.37698898 0.33292534 0.29130967 0.2374541  0.32680539
 0.27172583 0.2371481  0.33537332 0.21664627 0.29742962 0.18010142
 0.1872705  0.48102815 0.38678091 0.48347613 0.6119951  0.54467564
 0.62790698 0.61933905 0.51897185 0.45410037 0.51897185 0.43574051
 0.500612   0.72215422 0.95960832 1.         0.87760098 0.84455324
 0.80660955 0.62668299 0.27417381 0.26519788 0.34271726 0.41003672
 0.35087719 0.05303958 0.15911873]
