[0.3221831  0.33538732 0.1034331  0.33362676 0.70158451 0.44102113
 0.29225352 0.80985915 0.58538732 0.7306338  0.60739437 0.92869718
 0.86267606 0.9375     1.         0.88204225 0.94278169 0.36355634
 0.45422535 0.66549296 0.19806338 0.46214789 0.40052817 0.51584507
 0.46742958 0.48038229 0.19366197 0.49589202 0.47711268 0.625
 0.46830986 0.57834507 0.77552817 0.6153169  0.91109155 0.55721831
 0.92605634 0.76056338 0.58714789 0.45158451 0.41285211 0.31338028
 0.4375     0.38820423 0.26848592]
[0.41003272 0.3562341  0.45910578 0.50926936 0.4870956  0.28026172
 0.36205016 0.41875682 0.40785169 0.36314068 0.46892039 1.
 0.65539804 0.92911668 0.82333697 0.88440567 0.70883315 0.77535442
 0.50490731 0.62050164 0.58669575 0.41318308 0.55943293 0.53980371
 0.37840785 0.55725191 0.26656973 0.3304253  0.38386041 0.43838604
 0.42748092 0.57470011 0.62704471 0.52562704 0.54634678 0.782988
 0.68920393 0.67720829 0.47873501 0.64013086 0.46019629 0.48200654
 0.3304253  0.42218414 0.35114504]
[0.29599271 0.30054645 0.40300546 0.34987857 0.27527322 0.47677596
 0.45765027 0.49863388 0.58538251 0.56147541 0.71584699 0.85655738
 0.98565574 0.89412568 0.82718579 0.67896175 0.77254098 0.62226776
 0.51161202 0.48360656 0.39010322 0.39071038 0.28233151 0.27322404
 0.07172131 0.37295082 0.36429872 0.34699454 0.36397346 0.44330601
 0.68169399 0.82103825 0.84562842 0.80122951 1.         0.76912568
 0.91598361 0.61953552 0.82786885 0.6181694  0.40437158 0.51229508
 0.28142077 0.23711944 0.30054645]
[0.6266756  0.37533512 0.18766756 0.50172348 0.64845845 0.41108132
 0.71939231 0.23235031 0.33065237 0.65147453 0.4189008  0.97855228
 0.89276139 1.         0.59383378 0.51608579 0.43029491 0.6541555
 0.64343164 0.41746457 0.33065237 0.5227882  0.73458445 0.48592493
 0.56300268 0.25915996 0.487042   0.60489276 0.625      0.34405719
 0.42672029 0.33378016 0.4215073  0.63002681 0.60589812 0.95978552
 0.64477212 0.56434316 0.33895059 0.45442359 0.28987936 0.42895442
 0.16085791 0.24128686 0.3458445 ]
[0.27234637 0.14897579 0.46554935 0.47625698 0.38826816 0.66689944
 0.44972067 0.26225947 0.45934202 0.40223464 0.52513966 0.34450652
 0.61592179 0.66061453 1.         0.90363128 0.80586592 0.52653631
 0.30726257 0.67837191 0.71368715 0.62150838 0.47067039 0.4981378
 0.50628492 0.48417132 0.57821229 0.42597765 0.47685555 0.45530726
 0.49231844 0.65363128 0.63268156 0.4972067  0.52234637 0.51675978
 0.71089385 0.52513966 0.40502793 0.2839851  0.42178771 0.53631285
 0.36312849 0.31773743 0.46488428]
[0.24549918 0.42348609 0.42553191 0.5400982  0.41571195 0.24004364
 0.47954173 0.52577741 0.39098018 0.58101473 0.67594108 0.69885434
 0.69885434 1.         0.90343699 0.93944354 0.56628478 0.82160393
 0.68576105 0.34551737 0.8314239  0.80196399 0.51350245 0.3136934
 0.35188216 0.4652794  0.19639935 0.9410802  0.92744135 0.69394435
 0.64811784 0.77250409 0.68085106 0.78723404 0.68085106 0.50736498
 0.84942717 0.77905074 0.40189125 0.67594108 0.30862754 0.27277687
 0.58101473 0.58592471 0.49918167]
[0.46655879 0.51456311 0.61218986 0.76231571 0.68122977 0.63430421
 0.38834951 0.47464941 0.39644013 0.49959547 0.5776699  0.60517799
 0.46601942 0.43042071 1.         0.64239482 0.62135922 0.4012945
 0.88834951 0.56148867 0.71377202 0.60949299 0.40632866 0.43509529
 0.67354369 0.50701187 0.48058252 0.49150485 0.54746494 0.67313916
 0.4631877  0.60355987 0.48274002 0.36084142 0.64563107 0.88834951
 0.68446602 0.49802229 0.55218447 0.49838188 0.55987055 0.59385113
 0.63754045 0.61488673 0.30204962]
[0.51079812 0.44507042 0.31924883 0.47511737 0.50985915 0.41220657
 0.50234742 0.54929577 0.43380282 0.47042254 0.64976526 0.70046948
 0.87323944 0.60469484 1.         0.67511737 0.81126761 0.76338028
 0.34835681 0.62723005 0.37464789 0.75962441 0.62535211 0.39530516
 0.55868545 0.2119383  0.36737089 0.48721961 0.70516432 0.36431925
 0.49483568 0.57370892 0.54741784 0.56150235 0.61596244 0.73333333
 0.82347418 0.62629108 0.70046948 0.78779343 0.40751174 0.57558685
 0.43943662 0.51737089 0.40271257]
[0.29280648 0.33579389 0.10131712 0.44174265 0.39209726 0.68591692
 0.64640324 0.60891591 0.78216819 0.6970618  0.75481256 0.96757852
 0.9787234  0.98885512 0.98074975 0.78622087 0.76697062 0.6372847
 0.47112462 0.31712259 0.31610942 0.48733536 0.32421479 0.50151976
 0.37386018 0.31971181 0.30597771 0.39007092 0.62816616 0.6585613
 0.76494428 0.84397163 0.86524823 0.98277609 1.         0.92198582
 0.81661601 0.8733536  0.67071935 0.54305978 0.52684904 0.53799392
 0.26849037 0.42451874 0.28267477]
[0.68327796 0.65227021 0.45736434 0.49501661 0.55370986 0.63898117
 0.69545958 0.56367663 0.65669989 0.74307863 0.87596899 0.86046512
 0.79623477 0.99003322 0.98117386 0.87929125 0.83499446 0.87818383
 0.7751938  0.62015504 0.64341085 0.69324474 0.71650055 0.77408638
 0.27369087 0.78737542 0.22840532 0.35437431 0.56921373 0.79955703
 0.62679956 0.86932447 0.89700997 0.56810631 0.62679956 0.90808416
 1.         0.64894795 0.8427464  0.70653378 0.88150609 0.51605759
 0.38870432 0.38427464 0.62458472]
[0.43197756 0.16051114 0.22019635 0.58345021 0.46984572 0.31697055
 0.29873773 0.53997195 0.68443198 0.63814867 0.72650771 0.87096774
 0.8401122  1.         0.67882188 0.81346424 0.73772791 0.61991585
 0.43758766 0.49509116 0.70546985 0.33972261 0.41093969 0.3772791
 0.30575035 0.3997195  0.49929874 0.3401122  0.55539972 0.46143058
 0.85974755 0.58345021 0.63253857 0.79242637 0.88078541 0.83309958
 0.58765778 0.47966339 0.69284712 0.64235624 0.56661992 0.35203366
 0.47685835 0.38008415 0.46984572]
[0.87700535 0.885918   0.885918   0.60249554 0.53475936 0.39393939
 0.58467023 0.4701426  0.49316696 0.48484848 0.59714795 0.62745098
 0.71697366 0.78966132 0.7540107  0.98395722 1.         0.7201426
 0.66488414 0.99821747 0.99108734 0.68449198 0.62566845 0.64171123
 0.21390374 0.39393939 0.45072574 0.42335116 0.85561497 0.67513369
 0.88532383 0.50445633 0.50445633 0.40998217 0.64349376 0.75579323
 0.98573975 0.6114082  0.59714795 0.61596356 0.57437116 0.65775401
 0.90552585 0.46702317 0.53253119]
[0.20293399 0.30562347 0.25061125 0.53667482 0.36919315 0.57457213
 0.49022005 0.5806846  0.63325183 0.68215159 0.93276284 0.92298289
 0.83007335 0.99022005 0.93031785 0.69682152 0.73594132 0.6002445
 0.46454768 0.27506112 0.3398533  0.45110024 0.43643032 0.24327628
 0.24314045 0.30684597 0.34229829 0.26894866 0.38264059 0.57701711
 0.69193154 0.77139364 0.88141809 0.88141809 1.         0.87163814
 0.88753056 0.77628362 0.60513447 0.50122249 0.28117359 0.37897311
 0.48655257 0.23716381 0.32762836]
[0.53826311 0.72398968 0.66208083 0.71711092 0.73860705 0.72312984
 0.58813414 0.62080825 0.67411866 0.69475494 0.89423904 0.75924334
 0.77300086 0.93293207 0.97420464 0.91745486 0.89595873 0.81513328
 0.79105761 0.71883061 0.71711092 0.72828891 0.73688736 0.70421324
 0.67239897 0.47635426 0.68099742 0.56577816 0.76440241 0.68959587
 0.78159931 0.67067928 0.83748925 0.80051591 0.79965606 0.85468616
 0.88907997 1.         0.71195185 0.55803955 0.67669819 0.75064488
 0.73344798 0.56663801 0.60017197]
[0.560477   0.70017036 0.74957411 0.84497445 0.76235094 0.7120954
 0.66780239 0.65076661 0.70783646 0.560477   0.81175468 0.86541738
 0.85178876 0.8483816  0.95826235 0.87308348 0.92589438 0.9693356
 0.95826235 0.79045997 0.72231687 0.82623509 0.8032368  0.8109029
 0.82879046 0.69846678 0.75894378 0.78279387 0.82367973 0.94463373
 0.8109029  0.74020443 0.75809199 0.84497445 0.86030664 0.78534923
 1.         0.78109029 0.75638842 0.70528109 0.73339012 0.71294719
 0.72913118 0.52129472 0.59965928]
[0.71902439 0.78341463 0.65170732 0.65268293 0.80682927 0.84780488
 0.67121951 0.70243902 0.64585366 0.48780488 0.62341463 0.80292683
 0.94634146 0.80780488 0.8702439  0.82926829 0.77853659 1.
 0.83902439 0.90341463 0.94341463 0.8204878  0.71512195 0.82829268
 0.81853659 0.45365854 0.69365854 0.66146341 0.78926829 0.64878049
 0.75804878 0.72487805 0.74731707 0.64878049 0.67902439 0.70243902
 0.90926829 0.98243902 0.72       0.74341463 0.71512195 0.66243902
 0.74439024 0.79414634 0.65365854]
[0.12044199 0.23535912 0.19447514 0.1558011  0.35027624 0.54033149
 0.46077348 0.66740331 0.59668508 0.8        0.7281768  0.81878453
 1.         0.95359116 0.8121547  0.74696133 0.58895028 0.40552486
 0.41878453 0.25414365 0.30276243 0.2320442  0.18895028 0.22983425
 0.19889503 0.18342541 0.24640884 0.25303867 0.42541436 0.55027624
 0.59005525 0.70828729 0.7878453  0.71381215 0.8441989  0.79668508
 0.65082873 0.69171271 0.37127072 0.39779006 0.34917127 0.2198895
 0.19005525 0.12292818 0.17900552]
[0.08860759 0.47468354 0.41139241 0.34810127 0.25316456 0.52390999
 0.5221519  0.52531646 0.70253165 0.74367089 0.82278481 0.93670886
 0.86392405 0.89240506 0.91455696 1.         0.85759494 0.82278481
 0.52531646 0.3164557  0.3119349  0.28028933 0.44303797 0.24525316
 0.57753165 0.44303797 0.32097649 0.43248945 0.23417722 0.56329114
 0.67721519 0.62341772 0.46835443 0.46835443 0.6835443  0.76582278
 0.64240506 0.74050633 0.53164557 0.36392405 0.34493671 0.30289331
 0.22151899 0.35337553 0.56962025]
[0.12249443 0.17074981 0.19487751 0.28841871 0.23608018 0.49443207
 0.42093541 0.55679287 0.70712695 0.68596882 0.77060134 0.94097996
 0.74498886 1.         0.84075724 0.59242762 0.47438753 0.4610245
 0.40311804 0.25946548 0.20155902 0.32516704 0.14337416 0.23106904
 0.19673348 0.18708241 0.26503341 0.29064588 0.51893096 0.59910913
 0.77839644 0.69042316 0.60244989 0.78285078 0.76837416 0.87861915
 0.72605791 0.65033408 0.38418708 0.37750557 0.35412027 0.15924276
 0.1714922  0.08908686 0.06124722]
[0.40447504 0.48450947 0.7151463  0.44148021 0.64716007 0.6686747
 0.65576592 0.6454389  0.64974182 0.60585198 0.7788296  0.81755594
 1.         0.96127367 0.91480207 0.94406196 0.89845095 0.74010327
 0.72203098 0.50774527 0.60068847 0.62564544 0.68760757 0.48106713
 0.66006885 0.41738382 0.5757315  0.44664372 0.5929432  0.78829604
 0.75301205 0.8253012  0.87435456 0.87865749 0.80981067 0.90017212
 0.84509466 0.73580034 0.71858864 0.58261618 0.73063683 0.44664372
 0.5929432  0.4242685  0.60929432]
[0.22417154 0.15984405 0.17153996 0.13645224 0.26193957 0.3625731
 0.42007797 0.69493177 0.62378168 0.71734893 0.82846004 0.9834308
 1.         0.91423002 0.90155945 0.68908382 0.52923977 0.3791423
 0.22417154 0.1208577  0.24463938 0.21442495 0.15594542 0.1754386
 0.13103747 0.09746589 0.1961501  0.3791423  0.51559454 0.58674464
 0.66471735 0.77095517 0.76218324 0.87621832 0.84795322 0.87426901
 0.75925926 0.56140351 0.42300195 0.25048733 0.23586745 0.15053065
 0.20467836 0.18031189 0.11500975]
[0.16374269 0.15789474 0.29824561 0.72807018 0.38596491 0.66666667
 0.89473684 0.42982456 0.76140351 0.72368421 0.67368421 0.72631579
 0.50175439 0.91929825 1.         0.60350877 0.9754386  0.71929825
 0.62768031 0.67719298 0.72631579 0.49122807 0.31578947 0.60150376
 0.37192982 0.37719298 0.48621554 0.42105263 0.53333333 0.26510721
 0.40350877 0.5112782  0.50877193 0.72280702 0.51929825 0.48070175
 0.64561404 0.44110276 0.78508772 0.52241715 0.54385965 0.25438596
 0.58479532 0.32280702 0.41102757]
[0.2036036  0.11891892 0.19891892 0.27891892 0.3372973  0.2172973
 0.51783784 0.54810811 0.79675676 0.84648649 0.97405405 0.87891892
 0.94702703 0.95567568 0.75351351 0.70378378 0.52216216 0.38486486
 0.23135135 0.30054054 0.17189189 0.22702703 0.18486486 0.17606178
 0.24       0.25585586 0.1957958  0.29405405 0.52756757 0.41621622
 0.86918919 0.74486486 0.91567568 1.         0.96972973 0.89081081
 0.8172973  0.61189189 0.53837838 0.48324324 0.36       0.17142857
 0.19135135 0.24864865 0.22702703]
[0.53846154 0.58205128 0.5018315  0.57948718 0.64871795 0.58205128
 0.68205128 0.71794872 0.62307692 0.59487179 0.58205128 0.43589744
 0.71025641 0.96666667 0.96923077 1.         0.81282051 0.74102564
 0.89230769 0.71282051 0.85384615 0.94102564 0.60512821 0.47008547
 0.56410256 0.68205128 0.76666667 0.48461538 0.7        0.73076923
 0.63076923 0.52307692 0.6        0.7        0.57692308 0.74615385
 0.61794872 0.86666667 0.61025641 0.49487179 0.58717949 0.58974359
 0.55384615 0.27948718 0.36858974]
